timestamp,frame,x,y,z,doppler,SNR,cluster_id
18:09:14.555243,1,-0.1126978699733817,0.1612460034039277,0.1590846396427138,1.878800050180871,3.359999924898148,-1
18:09:14.555243,1,0.573838318666026,4.759010497882177,0.3360928756322465,0.3480400092958007,3.63999991863966,-1
18:09:14.555243,1,0.5813915726394148,4.821651861805187,0.3405167608377488,0.3480400092958007,3.519999921321869,-1
18:09:14.555243,1,1.048743229457505,2.064593829305926,-1.653190336950106,0.0697200018621515,4.359999902546406,-1
18:09:14.555243,1,1.100856778525285,2.1145483611101885,-1.6661850543377252,0.0697200018621515,4.119999907910824,-1
18:09:14.555243,1,0.1094506261460646,0.1634675623679239,0.1590846396427138,-1.2524400334514212,4.359999902546406,-1
18:09:14.555243,1,0.9846128538103944,1.802321787414718,-0.635294580673723,-0.1391600037168245,20.359999544918537,0
18:09:14.555243,1,1.01358215861491,1.8553497455744952,-0.6539862342276772,-0.1391600037168245,19.759999558329586,0
18:09:14.555243,1,1.002586540666013,1.7923857078636256,-0.635294580673723,-0.0697200018621515,22.75999949127436,0
18:09:14.555243,1,1.0320846677492204,1.8451213264343311,-0.6539862342276772,-0.1391600037168245,22.359999500215054,0
18:09:14.555243,1,1.038231353607024,1.7719768490772556,-0.635294580673723,-0.0697200018621515,24.23999945819378,0
18:09:14.555243,1,1.0687782232968224,1.824111997677854,-0.6539862342276772,-0.0697200018621515,24.63999944925308,0
18:09:14.555243,1,1.02937208807597,1.756856506808342,-0.455336120172713,-0.0697200018621515,20.75999953597784,0
18:09:14.555243,1,1.0558989152409857,1.7615061107107586,-0.635294580673723,-0.0697200018621515,24.63999944925308,0
18:09:14.555243,1,1.0869656003853012,1.8133331889768152,-0.6539862342276772,-0.0697200018621515,25.87999942153692,0
18:09:14.555243,1,1.0141896939668165,1.730944314134213,-0.2622822856836338,-0.0697200018621515,13.879999689757824,0
18:09:14.555243,1,1.0734608878680565,1.7508592232089812,-0.635294580673723,-0.0697200018621515,23.75999946892261,0
18:09:14.555243,1,1.1050442818244022,1.8023730484760905,-0.6539862342276772,-0.0697200018621515,25.87999942153692,0
18:09:14.555243,1,0.9978471667434412,1.66466113034393,-0.2735045116201606,-0.0697200018621515,6.239999860525131,0
18:09:14.555243,1,1.1230124597611275,1.7912326721805476,-0.6539862342276772,-0.0697200018621515,24.63999944925308,0
18:09:14.555243,1,1.158610129146429,1.7684156862302198,-0.6539862342276772,-0.0697200018621515,22.51999949663877,0
18:09:14.555243,1,1.1987314197082508,1.8701876248441944,-0.4967451922085492,-0.1391600037168245,19.239999569952488,0
18:09:14.555243,1,1.328914512916994,1.9013860166474676,-0.3032790843231738,-0.1391600037168245,12.11999972909689,0
18:09:14.555243,1,1.4275942545151166,1.917408021586108,-0.2398497895430795,-0.1391600037168245,6.6399998515844345,0
18:09:14.555243,1,1.4900000744574635,1.919843690177437,-0.4171613877917612,-0.2088800055789761,4.519999898970127,0
18:09:14.555243,1,1.5888897182133672,2.047261575480426,-0.5795087788730598,-0.1391600037168245,3.879999913275242,0
18:09:14.555243,1,1.5451005532054407,1.9502587048831068,-0.4527658026885598,-0.1391600037168245,4.639999896287918,0
18:09:14.555243,1,1.5837433408646908,1.9990344514563991,-0.4640894234952232,-0.1391600037168245,4.999999888241291,0
18:09:14.609676,2,-0.0187001981284856,0.2004104721102244,1.846719370633334,-2.5048800669028424,3.1199999302625656,-1
18:09:14.609676,2,0.6688974174431614,4.671834079316636,1.0961347798225032,0.4174800111504737,3.63999991863966,-1
18:09:14.609676,2,0.725757822230224,4.726549721044028,1.0860537107864228,0.4174800111504737,4.119999907910824,-1
18:09:14.609676,2,0.929123868761543,4.755799251369703,1.0827962657347934,0.2783200074336491,3.879999913275242,-1
18:09:14.609676,2,1.0561777399365162,1.5865192325725062,-0.1125561857300767,0.0697200018621515,5.759999871253967,-1
18:09:14.609676,2,1.065086650579139,1.7235453517574535,-0.0867091078515587,0.0697200018621515,5.639999873936176,-1
18:09:14.609676,2,1.0455650038340154,1.5215447397320494,-0.0811583704674303,0.0697200018621515,3.1199999302625656,-1
18:09:14.609676,2,1.133084942833296,1.7395694615325188,-0.1263385201458979,0.0697200018621515,3.1199999302625656,-1
18:09:14.609676,2,1.0253095644660786,1.6656184993414491,0.964710293255544,-0.6958000185841229,9.999999776482582,0
18:09:14.609676,2,0.9560150042101836,1.6017515707764924,1.216438790772835,-0.0697200018621515,28.359999366104603,0
18:09:14.609676,2,0.985901547650833,1.6518248621896214,1.191943426144826,-0.0697200018621515,26.359999410808086,0
18:09:14.609676,2,1.005803905338787,1.656955241234649,1.0703315999443113,-0.1391600037168245,15.639999650418758,0
18:09:14.609676,2,0.9734666495431172,1.5924328125247804,1.2189357445208415,-0.0697200018621515,31.359999299049377,0
18:09:14.609676,2,0.9890706250632696,1.5748365589718305,1.2030244278974327,-0.0697200018621515,33.2399992570281,0
18:09:14.609676,2,1.0199905395747002,1.6240684444802789,1.178109709036448,-0.0697200018621515,28.999999351799488,0
18:09:14.609676,2,0.9433785871630604,1.467338363299198,1.2552746324099864,-0.0697200018621515,2.999999932944774,0
18:09:14.609676,2,0.9748369742135752,1.516268982241428,1.2304406376821264,-0.0697200018621515,16.239999637007713,0
18:09:14.609676,2,1.0062953612640897,1.5651996011836578,1.2056066429542664,-0.0697200018621515,33.359999254345894,0
18:09:14.609676,2,0.1292478920867198,0.2103748301053451,2.0551943777011363,3.2006800854869653,3.63999991863966,-1
18:09:14.609676,2,1.0234194687718583,1.5553967498405383,1.2082333090551776,-0.0697200018621515,31.75999929010868,0
18:09:14.609676,2,1.0573589583566487,1.535297304088333,1.213618939312794,-0.0697200018621515,28.999999351799488,0
18:09:14.609676,2,1.303924393618186,1.7961695292491724,1.495152743275069,-0.6958000185841229,4.639999896287918,-1
18:09:14.609676,2,1.475354856970292,1.6969289830006506,0.9882274402177827,-0.1391600037168245,4.119999907910824,-1
18:09:14.609676,2,1.472939628784716,1.8269754627743997,1.48559130383809,-0.1391600037168245,5.119999885559082,-1
18:09:14.609676,2,1.551889304730613,1.71085015509142,0.9702073314211712,-0.1391600037168245,5.519999876618385,-1
18:09:14.609676,2,1.4527241189851965,1.7651238161836331,1.502816615732335,-0.1391600037168245,8.359999813139439,-1
18:09:14.609676,2,1.610292819407246,1.7381785755598995,0.9485947612490282,-0.2088800055789761,4.639999896287918,-1
18:09:14.609676,2,5.164929387165275,4.7832971770966175,1.23109197237474,0.2088800055789761,2.999999932944774,-1
18:09:14.668475,3,-0.0906966306694091,0.0914134394143527,1.7822232556947732,-2.852920076198643,3.1199999302625656,-1
18:09:14.668475,3,-0.5545634473644523,6.952996958929405,1.2227417330649506,0.1391600037168245,3.359999924898148,-1
18:09:14.668475,3,0.0,6.8921027689860646,0.3731728931736089,0.1391600037168245,3.2399999275803566,-1
18:09:14.668475,3,0.7163290079638049,4.665143893816744,1.0979274096244138,0.3480400092958007,3.359999924898148,-1
18:09:14.668475,3,0.7231423886889993,4.760029211155159,1.277863242711078,0.3480400092958007,4.119999907910824,-1
18:09:14.668475,3,0.8775927842771378,4.79853925155361,1.2747329255611306,0.1391600037168245,3.2399999275803566,-1
18:09:14.668475,3,0.9863428071781432,1.5958556995638635,-0.1391168234633055,-1.0438400278799236,2.999999932944774,-1
18:09:14.668475,3,0.8894298632115083,1.6609580023325754,1.262657485099065,-0.0697200018621515,18.639999583363533,0
18:09:14.668475,3,0.8748613590944395,1.577774574729888,1.233941674131939,-0.0697200018621515,21.119999527931213,0
18:09:14.668475,3,0.903093492238686,1.6286900042460442,1.2092206592793089,-0.0697200018621515,23.639999471604824,0
18:09:14.668475,3,0.935701892627461,1.7039331089391605,1.2420048865903237,-0.0697200018621515,20.359999544918537,0
18:09:14.668475,3,0.909129769444432,1.5605419696418177,1.2385591367487718,-0.0697200018621515,25.63999942690134,0
18:09:14.668475,3,0.9384677581777788,1.6109012959580653,1.2139871292994655,-0.0697200018621515,30.51999931782484,0
18:09:14.668475,3,0.9540753661815758,1.694806109783626,1.2444504586433685,-0.0697200018621515,25.51999942958355,0
18:09:14.668475,3,0.926128460769534,1.5516782793633637,1.240934155400843,-0.0697200018621515,30.759999312460423,0
18:09:14.668475,3,0.9560150042101836,1.6017515707764924,1.216438790772835,-0.0697200018621515,39.35999912023544,0
18:09:14.668475,3,0.9723534329983976,1.685502095809835,1.2469434616740136,-0.0697200018621515,31.87999928742647,0
18:09:14.668475,3,0.9413686326217872,1.5347787236644057,1.2254809674157308,-0.0697200018621515,35.879999198019505,0
18:09:14.668475,3,0.9734666495431172,1.5924328125247804,1.2189357445208415,-0.0697200018621515,49.75999888777733,0
18:09:14.668475,3,1.003898759061764,1.6422147847932551,1.194518438622383,-0.0697200018621515,38.99999912828207,0
18:09:14.668475,3,0.9272307960404086,1.4763727879549335,1.2528538656194022,-0.0697200018621515,7.999999821186066,0
18:09:14.668475,3,0.9581507105518392,1.525604673463382,1.2279391467584175,-0.0697200018621515,39.35999912023544,0
18:09:14.668475,3,0.9890706250632696,1.5748365589718305,1.2030244278974327,-0.0697200018621515,58.999998681247234,0
18:09:14.668475,3,1.0217955814378563,1.632431351084903,1.1971399017837394,-0.0697200018621515,45.35999898612499,0
18:09:14.668475,3,0.1257496138428992,0.2150015578947102,2.0443888589821606,-0.3480400092958007,4.519999898970127,-1
18:09:14.668475,3,0.9748369742135752,1.516268982241428,1.2304406376821264,-0.0697200018621515,40.23999910056591,0
18:09:14.668475,3,1.0062953612640897,1.5651996011836578,1.2056066429542664,-0.0697200018621515,62.5199986025691,0
18:09:14.668475,3,1.0395902251118656,1.6224755393997383,1.1998075534847756,-0.0697200018621515,48.51999891549349,0
18:09:14.668475,3,0.9914257549946088,1.5067725835598442,1.2329851900398607,-0.0697200018621515,37.99999915063381,0
18:09:14.668475,3,1.0234194687718583,1.5553967498405383,1.2082333090551776,-0.0697200018621515,57.87999870628119,0
18:09:14.668475,3,1.055413182549108,1.6040209161212322,1.1834814280704946,-0.0697200018621515,46.75999895483256,0
18:09:14.668475,3,1.0944499728095474,1.685964471950594,1.2376821149616322,-0.0697200018621515,13.23999970406294,0
18:09:14.668475,3,1.024304242371942,1.4873014783210838,1.238202456964328,-0.0697200018621515,33.519999250769615,0
18:09:14.668475,3,1.0573589583566487,1.535297304088333,1.213618939312794,-0.0697200018621515,48.119998924434185,0
18:09:14.668475,3,1.0904136743413555,1.5832931298555823,1.1890354216612602,-0.0697200018621515,40.99999908357859,0
18:09:14.668475,3,1.0344426090327437,1.4531341630568424,1.1876392687315278,-0.0697200018621515,28.23999936878681,0
18:09:14.668475,3,1.067824494247703,1.5000273956146717,1.1614240563576854,-0.0697200018621515,37.75999915599823,0
18:09:14.668475,3,1.1077512318792433,1.5726767203558492,1.191880080013232,-0.0697200018621515,33.7599992454052,0
18:09:14.668475,3,1.0665110598238767,1.4328398329424368,1.193077118096613,-0.0697200018621515,23.35999947786331,0
18:09:14.668475,3,1.10092780703503,1.4790781591840745,1.167037387341313,-0.0697200018621515,29.11999934911728,0
18:09:14.668475,3,1.124978015222018,1.5618933765210994,1.1947694682854604,-0.0697200018621515,26.99999939650297,0
18:09:14.668475,3,1.188239702514161,1.7334704914140666,1.3067930107169743,-0.2783200074336491,3.879999913275242,0
18:09:14.668475,3,1.082386108979029,1.422461370320152,1.1958580187749313,-0.0697200018621515,19.119999572634697,0
18:09:14.668475,3,1.117315150506031,1.468364779336861,1.1699080288195811,-0.0697200018621515,22.51999949663877,0
18:09:14.668475,3,1.1522441920330326,1.51426818835357,1.1439580388642314,-0.0697200018621515,21.51999951899052,0
18:09:14.668475,3,1.1311179616511695,1.4489601947463997,1.154643588634903,-0.0697200018621515,17.639999605715275,0
18:09:14.668475,3,1.1664785009193948,1.494256985710299,1.1282164080992088,-0.0697200018621515,17.23999961465597,0
18:09:14.668475,3,1.3678480150308214,1.6522590646441055,0.917854635740276,-0.2088800055789761,5.519999876618385,0
18:09:14.668475,3,1.3159739239263757,1.721710018281919,1.30340700607031,-0.2783200074336491,3.759999915957451,0
18:09:14.668475,3,1.4230427798841083,1.6821046637199013,0.8930235833708204,-0.2088800055789761,8.999999798834324,0
18:09:14.668475,3,1.3914841811968244,1.7508048093996746,1.313184840882346,-0.1391600037168245,3.1199999302625656,0
18:09:14.668475,3,1.5451005532054407,1.7666208382847337,1.057897722221895,-0.2088800055789761,9.359999790787697,0
18:09:14.668475,3,1.6418201137055868,1.854511124877693,1.2351628259690737,-0.0697200018621515,8.239999815821648,0
18:09:14.668475,3,1.6760613986348538,1.8724689898313052,1.141886376987288,-0.2783200074336491,4.119999907910824,0
18:09:14.726266,4,-5.475243225842343,4.2567556850647446,3.0759091026149448,3.4095600910659414,3.1199999302625656,-1
18:09:14.726266,4,-0.1215134000272,0.1981117434117829,1.900023818753153,1.948240052035544,3.759999915957451,-1
18:09:14.726266,4,0.2789588995467959,6.932154733313541,0.9401649056030116,0.3480400092958007,3.759999915957451,-1
18:09:14.726266,4,0.6349162352372185,6.924029221085844,0.6574845499764002,0.3480400092958007,3.759999915957451,-1
18:09:14.726266,4,0.638256296098664,7.034581116287999,0.9270682604362664,0.3480400092958007,3.359999924898148,-1
18:09:14.726266,4,0.943883018278412,1.569596230417608,-0.0940337285917376,-0.5566400148672983,7.519999831914902,-1
18:09:14.726266,4,0.9863428071781432,1.5958556995638635,-0.1391168234633055,-0.0697200018621515,7.1199998408555984,-1
18:09:14.726266,4,1.010806264356913,1.3990657472659978,-0.1005922963365226,-0.5566400148672983,3.519999921321869,-1
18:09:14.726266,4,0.0964800967429627,0.1030607462954237,1.790049816418209,0.2783200074336491,4.519999898970127,-1
18:09:14.726266,4,1.1429247614540576,1.589582460839011,-0.1508890355956165,-0.0697200018621515,4.119999907910824,-1
18:09:14.726266,4,0.894582703416503,1.6970110985964528,1.3570256075441427,-0.1391600037168245,20.119999550282955,0
18:09:14.726266,4,0.924630914222675,1.770276315672938,1.3961274122881373,-0.3480400092958007,20.63999953866005,0
18:09:14.726266,4,0.88322255496779,1.6288535579128678,1.3609738892633665,-0.1391600037168245,22.11999950557947,0
18:09:14.726266,4,0.9125936819796802,1.6882830343409825,1.359364285312883,-0.1391600037168245,25.999999418854717,0
18:09:14.726266,4,0.9411228061043384,1.7410614363783314,1.33933699805033,-0.1391600037168245,26.359999410808086,0
18:09:14.726266,4,0.8974499866775283,1.599340470447456,1.3084120114303306,-0.1391600037168245,27.519999384880062,0
18:09:14.726266,4,0.9305134019392312,1.679381436694978,1.3617494612134764,-0.1391600037168245,34.23999923467636,0
18:09:14.726266,4,0.9596027248961848,1.731881560689026,1.3417967383278977,-0.1391600037168245,34.35999923199415,0
18:09:14.726266,4,0.9146432309459542,1.5905886595184675,1.3107570521010627,-0.1391600037168245,34.35999923199415,0
18:09:14.726266,4,0.9474368510121802,1.663458609125928,1.345164279811758,-0.1391600037168245,45.759998977184296,0
18:09:14.726266,4,0.9779866842194974,1.7225236446603849,1.34430418437061,-0.1391600037168245,44.87999899685383,0
18:09:14.726266,4,0.9487536186486452,1.5725890285126132,1.3155800386931398,-0.1391600037168245,42.51999904960394,0
18:09:14.726266,4,0.9651517990005456,1.6542214384952734,1.3476393722225906,-0.1391600037168245,61.11999863386154,0
18:09:14.726266,4,0.996272845693746,1.712988624076171,1.3468590854359643,-0.1391600037168245,57.6399987116456,0
18:09:14.726266,4,1.4348226623112372,1.687755356776398,0.0190747907053667,-0.0697200018621515,2.999999932944774,-1
18:09:14.726266,4,0.9656673510727182,1.5633430083837672,1.318057502319866,-0.1391600037168245,51.11999885737896,0
18:09:14.726266,4,0.9827702326176164,1.6448136193172451,1.350160189773881,-0.1391600037168245,78.11999825388193,0
18:09:14.726266,4,1.0144593807181037,1.7032774524304544,1.3494611860359942,-0.1391600037168245,69.51999844610691,0
18:09:14.726266,4,1.487173020482018,1.7094173657017604,-0.0192658448077329,-0.1391600037168245,3.359999924898148,-1
18:09:14.726266,4,0.9824845175707204,1.553934079168921,1.3205786173046257,-0.1391600037168245,57.87999870628119,0
18:09:14.726266,4,1.0141896939668165,1.6040801661625097,1.2986534119701958,-0.1391600037168245,89.75999799370766,0
18:09:14.726266,4,1.049525762222772,1.6763052019288625,1.335184831719689,-0.1391600037168245,74.75999832898378,0
18:09:14.726266,4,1.0823718804177025,1.7343589105505617,1.3352475773742896,-0.1391600037168245,24.63999944925308,0
18:09:14.726266,4,0.9978471667434412,1.5371510012899938,1.3049689244446094,-0.1391600037168245,60.11999865621328,0
18:09:14.726266,4,1.0314481391721513,1.5942004119806046,1.3013006841246553,-0.1391600037168245,87.99999803304672,0
18:09:14.726266,4,1.0673855205763227,1.6660812205573097,1.3379243392716271,-0.1391600037168245,69.99999843537807,0
18:09:14.726266,4,0.9930037062766964,1.4468424252186836,1.2801031044882296,-0.1391600037168245,13.999999687075617,0
18:09:14.726266,4,1.0144436082923454,1.5274323023698813,1.3075730419717349,-0.1391600037168245,56.759998731315136,0
18:09:14.726266,4,1.0486034404277171,1.584154450784924,1.3039924913142324,-0.1391600037168245,74.35999833792448,0
18:09:14.726266,4,1.0851385412720724,1.6556852412411345,1.3407099335339272,-0.1391600037168245,58.35999869555235,0
18:09:14.726266,4,1.030938606330322,1.5175537827408692,1.3102199833287438,-0.1391600037168245,49.359998896718025,0
18:09:14.726266,4,1.0656538822177608,1.573943287163171,1.3067285643604631,-0.1391600037168245,57.51999871432781,0
18:09:14.726266,4,1.0989679106622308,1.6231472475798616,1.285055801081481,-0.1391600037168245,45.759998977184296,0
18:09:14.726266,4,1.0636176842387686,1.4973212486140477,1.3156412745088608,-0.1391600037168245,40.759999088943005,0
18:09:14.726266,4,1.0994333779380665,1.553029453490671,1.3123324092036484,-0.1391600037168245,43.239999033510685,0
18:09:14.726266,4,1.1338034069283456,1.6015796143374692,1.2908348309914306,-0.1391600037168245,35.11999921500683,0
18:09:14.726266,4,1.0797984962288265,1.486969257352699,1.318415082207393,-0.1391600037168245,32.99999926239252,0
18:09:14.726266,4,1.1146440344362107,1.534954362213698,1.2964200587123,-0.1391600037168245,32.63999927043915,0
18:09:14.726266,4,1.1510519540642696,1.590544518612251,1.293791675979403,-0.1391600037168245,27.119999393820763,0
18:09:14.726266,4,1.1066345382769032,1.443576852148447,1.2698998455237316,-0.1391600037168245,26.519999407231808,0
18:09:14.726266,4,1.1312355443640068,1.5241075066260408,1.29932646490743,-0.1391600037168245,25.11999943852425,0
18:09:14.726266,4,1.1681853969691391,1.5793433692462648,1.2967930149063194,-0.1391600037168245,21.239999525249004,0
18:09:14.726266,4,1.2626247790218923,1.6935041237696098,1.3403092274403514,-0.2088800055789761,6.359999857842922,0
18:09:14.726266,4,1.359263830234694,1.8330422595146485,1.4846179236906103,-0.0697200018621515,7.35999983549118,0
18:09:14.726266,4,1.3780285484131816,1.8134927951813429,1.4656387256588883,-0.0697200018621515,8.759999804198742,0
18:09:14.726266,4,1.4140642131187964,1.7664661162374766,1.4056258490702669,-0.0697200018621515,10.359999768435957,0
18:09:14.726266,4,1.3938631284591876,1.7053317623168014,1.4252794468144758,-0.2783200074336491,10.99999975413084,0
18:09:14.726266,4,1.4325943059990198,1.7527176970632212,1.4093097268852128,-0.0697200018621515,12.11999972909689,0
18:09:14.726266,4,1.4670516010816306,1.7699777264287244,1.302185378469888,-0.1391600037168245,10.639999762177467,0
18:09:14.726266,4,1.4970015338208431,1.7740864357077648,1.1684187553597218,-0.2088800055789761,8.119999818503857,0
18:09:14.726266,4,1.4509811406488722,1.7387909813385012,1.4130413791168694,-0.0697200018621515,12.999999709427357,0
18:09:14.726266,4,1.6032358792536132,1.8943828949001316,1.2511950428671967,-0.0697200018621515,4.359999902546406,0
18:09:14.726266,4,1.4430536458478058,1.6359161325398053,1.349854526125268,-0.2783200074336491,12.359999723732471,0
18:09:14.726266,4,1.4684142059302043,1.717675532080254,1.394515684557378,-0.0697200018621515,13.119999706745148,0
18:09:14.726266,4,1.60176027295262,1.8092616972960505,1.2538245874725766,-0.2088800055789761,7.519999831914902,0
18:09:14.726266,4,1.4604656387012904,1.6218930946740318,1.3536119877968331,-0.2783200074336491,12.11999972909689,0
18:09:14.726266,4,1.5044352715836076,1.6889590546198363,1.4022102415023634,-0.1391600037168245,12.519999720156193,0
18:09:14.726266,4,1.5187932107408175,1.652375693119946,1.3395588431012082,-0.2783200074336491,11.519999742507936,0
18:09:14.726266,4,1.5538272476111257,1.6226954698849394,1.3475116349482037,-0.2783200074336491,10.359999768435957,0
18:09:14.785460,5,-0.1211244705969026,0.0851514552863247,1.7948485964811112,0.1391600037168245,3.879999913275242,-1
18:09:14.785460,5,-1.3222129248108074,6.767858893075567,0.6947503202703329,-2.15712005761452,2.999999932944774,-1
18:09:14.785460,5,-0.7069350095927516,6.787363271921592,0.1080196298712761,0.2088800055789761,2.999999932944774,-1
18:09:14.785460,5,0.5976934275804853,4.826725674247141,0.8617956236616275,0.4174800111504737,4.359999902546406,0
18:09:14.785460,5,0.6191595851989532,4.711063752248808,1.2837950808067466,0.2088800055789761,4.999999888241291,0
18:09:14.785460,5,0.6577141351860549,4.642925979400192,1.294864124940282,0.2088800055789761,3.1199999302625656,0
18:09:14.785460,5,0.6759716723722922,4.759132304058006,1.2279789431506811,0.2088800055789761,5.519999876618385,0
18:09:14.785460,5,0.6865063916498229,4.794821855401867,1.0723401904978158,0.2088800055789761,5.239999882876873,0
18:09:14.785460,5,1.0343220330817218,1.4316141274092895,-0.1494612481501449,-0.4174800111504737,4.999999888241291,-1
18:09:14.785460,5,0.0962105055148449,0.212807913345033,2.0972899621073,4.035640107787913,4.359999902546406,-1
18:09:14.785460,5,1.029706078503119,1.3892107475069908,-0.0979516571096876,-0.4174800111504737,4.239999905228615,-1
18:09:14.785460,5,0.8974499866775283,1.599340470447456,1.3084120114303306,-1.2524400334514212,22.239999502897263,1
18:09:14.785460,5,0.9305134019392312,1.679381436694978,1.3617494612134764,-0.3480400092958007,30.51999931782484,1
18:09:14.785460,5,0.9596027248961848,1.731881560689026,1.3417967383278977,-0.3480400092958007,30.35999932140112,1
18:09:14.785460,5,0.9146432309459542,1.5905886595184675,1.3107570521010627,-0.1391600037168245,27.759999379515648,1
18:09:14.785460,5,0.9474368510121802,1.663458609125928,1.345164279811758,-0.2088800055789761,38.99999912828207,1
18:09:14.785460,5,0.9779866842194974,1.7225236446603849,1.34430418437061,-0.3480400092958007,37.99999915063381,1
18:09:14.785460,5,0.9487536186486452,1.5725890285126132,1.3155800386931398,-0.1391600037168245,34.879999220371246,1
18:09:14.785460,5,0.979370285168812,1.623337118335788,1.2934935271866812,-0.1391600037168245,50.6399988681078,1
18:09:14.785460,5,0.9953239731198016,1.7059350210900224,1.327245545603576,-0.3480400092958007,47.63999893516302,1
18:09:14.785460,5,0.9643566016121566,1.5561050656356443,1.299890198209905,-0.1391600037168245,43.35999903082848,1
18:09:14.785460,5,0.996829830641774,1.6137927253634985,1.2960509395758515,-0.1391600037168245,65.11999854445457,1
18:09:14.785460,5,1.02799231021083,1.6642424423432296,1.2740443768318368,-0.3480400092958007,58.63999868929386,1
18:09:14.785460,5,0.98115094131386,1.5467089076394571,1.3024078911569386,-0.2088800055789761,51.87999884039164,1
18:09:14.785460,5,1.0141896939668165,1.6040801661625097,1.2986534119701958,-0.1391600037168245,80.51999820023775,1
18:09:14.785460,5,1.0458948703629125,1.6542262531560985,1.276728206635766,-0.3480400092958007,68.87999846041203,1
18:09:14.785460,5,0.9611299148074152,1.4657185353308702,1.275045266027428,-0.1391600037168245,13.999999687075617,1
18:09:14.785460,5,0.9978471667434412,1.5371510012899938,1.3049689244446094,-0.2088800055789761,57.51999871432781,1
18:09:14.785460,5,1.03004810209881,1.586755491510194,1.2825399879502837,-0.1391600037168245,90.75999797135592,1
18:09:14.785460,5,1.0636928419042102,1.6440376422080965,1.279458236711278,-0.3480400092958007,74.5199983343482,1
18:09:14.785460,5,1.0944499728095474,1.685964471950594,1.2376821149616322,-0.1391600037168245,24.119999460875988,1
18:09:14.785460,5,1.0261169180452483,1.4950895760794094,1.2560970527465032,-0.1391600037168245,57.35999871790409,1
18:09:14.785460,5,1.047180117590555,1.5767231662091132,1.2852281414129147,-0.1391600037168245,89.51999799907207,1
18:09:14.785460,5,1.0813844450524808,1.6336776283517822,1.2822341940576527,-0.3480400092958007,72.23999838531017,1
18:09:14.785460,5,1.0424321583305058,1.4850991681700876,1.2587739744778634,-0.1391600037168245,51.35999885201454,1
18:09:14.785460,5,1.0642074159478692,1.5665258627196244,1.2879605006478982,-0.1391600037168245,77.51999826729298,1
18:09:14.785460,5,1.097476225565417,1.615497942698379,1.265701017967053,-0.3480400092958007,63.51999858021736,1
18:09:14.785460,5,1.0586431562732803,1.474951669287501,1.261492988608648,-0.1391600037168245,42.63999904692173,1
18:09:14.785460,5,1.0928060030254667,1.5225489616764984,1.237661065919616,-0.1391600037168245,61.519998624920845,1
18:09:14.785460,5,1.1322644378388729,1.593959584302658,1.2714722037054784,-0.3480400092958007,52.11999883502722,1
18:09:14.785460,5,1.1937443699487171,1.5161715337364832,0.916686691336249,-0.0697200018621515,4.359999902546406,1
18:09:14.785460,5,1.0747482907873604,1.4646480941730364,1.2642538232397222,-0.1391600037168245,33.87999924272299,1
18:09:14.785460,5,1.1094308568038402,1.5119128859875488,1.2405109938111063,-0.1391600037168245,47.11999894678593,1
18:09:14.785460,5,1.149489572643595,1.582939467074697,1.274425035217207,-0.3480400092958007,41.35999907553196,1
18:09:14.785460,5,1.104679625077931,1.4358797536319172,1.2519808665682055,-0.1391600037168245,26.6399994045496,1
18:09:14.785460,5,1.1423460865146655,1.4901616663823196,1.2463392155387194,-0.1391600037168245,35.999999195337296,1
18:09:14.785460,5,1.178057634752428,1.5367464806161917,1.2227785855537072,-0.1391600037168245,32.51999927312136,1
18:09:14.785460,5,1.3540779588008824,1.7600515857656538,1.0831040979235276,-0.1391600037168245,8.759999804198742,1
18:09:14.785460,5,1.1204296771347777,1.4251332116108406,1.2548603938241802,-0.1391600037168245,20.999999530613422,1
18:09:14.785460,5,1.156586400134152,1.4711228420365476,1.2308144345942718,-0.1391600037168245,27.759999379515648,1
18:09:14.785460,5,1.1948538792491137,1.5252861027946816,1.2258493845359364,-0.1391600037168245,25.75999942421913,1
18:09:14.785460,5,1.373383826181787,1.7468788473954309,1.0866337225319354,-0.1391600037168245,10.239999771118164,1
18:09:14.785460,5,1.1360676871626072,1.4142350756308435,1.257780540559025,-0.1391600037168245,16.759999625384808,1
18:09:14.785460,5,1.1727290551284413,1.459873018760257,1.2338288156561463,-0.1391600037168245,21.87999951094389,1
18:09:14.785460,5,1.392552356330696,1.7335202904097458,1.0902131370882948,-0.1391600037168245,11.879999734461308,1
18:09:14.785460,5,1.4292137242965302,1.7791582335391594,1.0662614121854164,-0.1391600037168245,9.999999776482582,1
18:09:14.785460,5,1.411581632410653,1.7199772506531048,1.0938419836541493,-0.1391600037168245,13.119999706745148,1
18:09:14.785460,5,1.4487439792368648,1.7652586496557303,1.0699857944621098,-0.1391600037168245,11.119999751448631,1
18:09:14.785460,5,1.4492148248326315,1.6923431583101678,1.1012465163810063,-0.1391600037168245,13.759999692440031,1
18:09:14.785460,5,1.4873679310431058,1.736897041666304,1.0775852644189248,-0.1391600037168245,11.879999734461308,1
18:09:14.785460,5,1.3931431827861496,1.5988654311747674,1.172899063022391,-0.2783200074336491,6.239999860525131,1
18:09:14.785460,5,1.4203528696639411,1.6832506200297337,1.2109969291956078,-0.2783200074336491,10.239999771118164,1
18:09:14.785460,5,1.46781497788694,1.678254869109954,1.10502146209494,-0.1391600037168245,13.639999695122242,1
18:09:14.785460,5,1.5064577655461904,1.7224378536973437,1.0814595921584174,-0.1391600037168245,11.9999997317791,1
18:09:14.785460,5,1.4862683506731962,1.6639876236346125,1.1088443589982742,-0.1391600037168245,12.879999712109566,1
18:09:14.785460,5,1.5253969555348317,1.707794998117397,1.0853831334859496,-0.1391600037168245,11.639999739825726,1
18:09:14.785460,5,1.5746589090252137,1.7895524000932772,1.15513720929359,-0.1391600037168245,7.519999831914902,1
18:09:14.785460,5,1.5227273890167132,1.6349219884617343,1.1166324724703445,-0.2088800055789761,11.639999739825726,1
18:09:14.785460,5,1.562815841609973,1.6779641594378862,1.0933762826196678,-0.1391600037168245,10.759999759495258,1
18:09:14.785460,5,1.540729408700685,1.620126505303363,1.120596910234258,-0.2088800055789761,10.239999771118164,1
18:09:14.785460,5,1.581291795839215,1.662779159397198,1.0974450911176368,-0.1391600037168245,9.63999978452921,1
18:09:14.785460,5,1.5996096222136806,1.647416457564971,1.101561514667142,-0.1391600037168245,8.51999980956316,1
18:09:14.785460,5,5.049254547768734,4.938017882671002,1.481680681405129,0.6263600167294499,3.1199999302625656,-1
18:09:14.785460,5,5.395991083152833,4.435787474290262,1.3196269736255577,0.6263600167294499,3.1199999302625656,-1
18:09:14.840885,6,-6.179803385368666,2.545993281339346,2.140977830598454,1.948240052035544,3.359999924898148,-1
18:09:14.840885,6,-5.875300844157808,3.608618265740252,1.6144228741487996,1.1132800297345966,2.999999932944774,-1
18:09:14.840885,6,0.0,0.2367819083542128,0.0891253833465305,-4.035640107787913,4.359999902546406,-1
18:09:14.840885,6,0.1364897759700021,6.823578994954085,1.8888587174395963,0.5566400148672983,2.999999932944774,-1
18:09:14.840885,6,0.409760102059216,6.821138017586849,1.600003295416905,0.3480400092958007,3.2399999275803566,-1
18:09:14.840885,6,0.6110097815958454,4.673568379207739,0.52056871570692,0.1391600037168245,6.11999986320734,0
18:09:14.840885,6,0.6664868933156454,4.729477335056707,0.5275121934100964,0.1391600037168245,7.639999829232693,0
18:09:14.840885,6,0.6752596514452358,4.791729963211816,0.5344556711132729,0.1391600037168245,6.519999854266644,0
18:09:14.840885,6,0.7351866364966432,4.86442976444363,0.344940646043251,0.1391600037168245,4.999999888241291,0
18:09:14.840885,6,0.7954363815662924,4.928981643816007,0.1498275272799897,0.1391600037168245,3.359999924898148,0
18:09:14.840885,6,1.1319658820215384,1.8055136023174116,-1.688305700532487,-0.3480400092958007,5.119999885559082,-1
18:09:14.840885,6,1.1583003526561544,1.8475177348586809,-1.7275830653356796,-0.3480400092958007,7.1199998408555984,-1
18:09:14.840885,6,1.190098144528335,1.7774447667847446,-1.8761142926127952,-0.3480400092958007,4.359999902546406,-1
18:09:14.840885,6,0.9186934584568488,1.7223732632225808,-0.1761619608684559,-0.3480400092958007,24.759999446570877,1
18:09:14.840885,6,0.9510038595994283,1.7829490412905484,-0.1011203567715267,-0.2783200074336491,26.87999939918518,1
18:09:14.840885,6,0.9349796248812898,1.7114687688577472,-0.1956735015627204,-0.3480400092958007,30.35999932140112,1
18:09:14.840885,6,0.9687855026625418,1.7733500147017738,-0.1011203567715267,-0.2783200074336491,33.639999248087406,1
18:09:14.840885,6,0.9990712721143672,1.8287877452985304,-0.1042815393074461,-0.2783200074336491,27.239999391138557,1
18:09:14.840885,6,0.9656673510727182,1.6865730932107283,-0.2540829259557258,-0.1391600037168245,37.239999167621136,1
18:09:14.840885,6,0.9837071373294528,1.7586338357399842,-0.1818467792485222,-0.2783200074336491,41.999999061226845,1
18:09:14.840885,6,1.0173088912170791,1.818705760690546,-0.1042815393074461,-0.2783200074336491,32.99999926239252,1
18:09:14.840885,6,0.9824845175707204,1.6768322529114332,-0.2540829259557258,-0.1391600037168245,44.99999899417162,1
18:09:14.840885,6,1.01868073359931,1.738609289988987,-0.1818467792485222,-0.2783200074336491,51.63999884575605,1
18:09:14.840885,6,1.0354447802829716,1.808441907030207,-0.1042815393074461,-0.2783200074336491,38.99999912828207,1
18:09:14.840885,6,0.999203436440092,1.6669237307916984,-0.2540829259557258,-0.3480400092958007,52.3599988296628,1
18:09:14.840885,6,1.0360156027338894,1.7283357229237533,-0.1818467792485222,-0.2783200074336491,60.75999864190817,1
18:09:14.840885,6,1.068403091612139,1.7823662354530636,-0.1875315976285884,-0.2783200074336491,44.519999004900455,1
18:09:14.840885,6,0.9930037062766964,1.583865492158062,-0.320896628731227,-0.1391600037168245,21.639999516308308,1
18:09:14.840885,6,1.0144436082923454,1.6545995928473602,-0.2735045116201606,-0.3480400092958007,56.99999872595072,1
18:09:14.840885,6,1.0522437352641842,1.7162531674629729,-0.2019879653248847,-0.2783200074336491,66.11999852210283,1
18:09:14.840885,6,1.0861730368017195,1.7715932652768898,-0.1875315976285884,-0.2783200074336491,47.8799989297986,1
18:09:14.840885,6,0.133990028514282,0.2045123396233869,-0.065041381297134,-2.226560059469193,3.879999913275242,-1
18:09:14.840885,6,1.030938606330322,1.6443725967777307,-0.2735045116201606,-0.3480400092958007,56.99999872595072,1
18:09:14.840885,6,1.0656538822177608,1.6997443211542964,-0.2622822856836338,-0.1391600037168245,65.11999854445457,1
18:09:14.840885,6,1.1038343655976168,1.7606431372584304,-0.1875315976285884,-0.2783200074336491,47.75999893248081,1
18:09:14.840885,6,1.0586431562732803,1.6158335893827964,-0.3315974125811019,-0.1391600037168245,52.3599988296628,1
18:09:14.840885,6,1.0994333779380665,1.6780927273120991,-0.2622822856836338,-0.2783200074336491,58.35999869555235,1
18:09:14.840885,6,1.1203172793925875,1.7478506672737972,-0.208302429087049,-0.2783200074336491,44.23999901115894,1
18:09:14.840885,6,1.0747482907873604,1.6051665434937248,-0.3315974125811019,-0.1391600037168245,45.11999899148941,1
18:09:14.840885,6,1.1146440344362107,1.664751949194646,-0.2823306138446377,-0.2783200074336491,48.87999890744686,1
18:09:14.840885,6,1.1510519540642696,1.7191281924565496,-0.2704816454115418,-0.2783200074336491,38.75999913364649,1
18:09:14.840885,6,1.1767135996127471,1.7574545757022813,-0.384868835243073,-0.0697200018621515,31.63999929279089,1
18:09:14.840885,6,1.104679625077931,1.5805549353118855,-0.3508979728230832,-0.1391600037168245,37.35999916493893,1
18:09:14.840885,6,1.1312355443640068,1.6535224579723966,-0.2823306138446377,-0.2783200074336491,39.35999912023544,1
18:09:14.840885,6,1.1681853969691391,1.7075319093247283,-0.2704816454115418,-0.2783200074336491,32.75999926775694,1
18:09:14.840885,6,1.2371995794558448,1.7701620061443375,-0.4829421681966038,-0.0697200018621515,14.239999681711195,1
18:09:14.840885,6,1.2829219370324696,1.8355806997467752,-0.4075160768563995,-0.0697200018621515,7.759999826550484,1
18:09:14.840885,6,1.1204296771347777,1.5694292963356888,-0.3508979728230832,-0.1391600037168245,30.35999932140112,1
18:09:14.840885,6,1.1586331709517224,1.6229424115648567,-0.3422981964309767,-0.1391600037168245,31.5199992954731,1
18:09:14.840885,6,1.1852020223130189,1.6957648744325458,-0.2704816454115418,-0.2783200074336491,27.239999391138557,1
18:09:14.840885,6,1.2548390446354103,1.757701709466414,-0.4829421681966038,-0.0697200018621515,17.879999600350857,1
18:09:14.840885,6,1.3012132921316517,1.822659916216384,-0.4075160768563995,-0.0697200018621515,9.759999781847,1
18:09:14.840885,6,1.1360676871626072,1.5581467157447275,-0.3508979728230832,-0.1391600037168245,24.759999446570877,1
18:09:14.840885,6,1.1727290551284413,1.6084287462400615,-0.3622215936297465,-0.1391600037168245,25.23999943584204,1
18:09:14.840885,6,1.2827131590259435,1.7592748377260623,-0.3961924560497363,-0.0697200018621515,22.239999502897263,1
18:09:14.840885,6,1.3279200454494673,1.8212772715650036,-0.3176350227425462,-0.0697200018621515,12.359999723732471,1
18:09:14.840885,6,1.366673923238084,1.8744292343230664,-0.3032790843231738,-0.6958000185841229,10.87999975681305,1
18:09:14.840885,6,1.302542470903456,1.7494504298177889,-0.3744005479806013,-0.0697200018621515,26.87999939918518,1
18:09:14.840885,6,1.3460661187673502,1.807907229625564,-0.3176350227425462,-0.0697200018621515,15.639999650418758,1
18:09:14.840885,6,1.385349569635396,1.8606690024974768,-0.3032790843231738,-0.6958000185841229,13.35999970138073,1
18:09:14.840885,6,1.32617405783557,1.744496742375149,-0.3088089205180691,-0.2783200074336491,30.999999307096004,1
18:09:14.840885,6,1.3659316351530613,1.7967952801917375,-0.2950797245952657,-0.0697200018621515,19.63999956101179,1
18:09:14.840885,6,1.4038866822363918,1.846722705330508,-0.3032790843231738,-0.6958000185841229,16.119999639689922,1
18:09:14.840885,6,1.3435524259740552,1.7311479990147574,-0.3088089205180691,-0.2783200074336491,33.87999924272299,1
18:09:14.840885,6,1.3838309920794327,1.7830463527883038,-0.2950797245952657,0.2783200074336491,25.11999943852425,1
18:09:14.840885,6,1.422283407345341,1.832591737440192,-0.3032790843231738,-0.2783200074336491,18.759999580681324,1
18:09:14.840885,6,1.4586013119759005,1.8793868358034136,-0.335252341411957,-0.2783200074336491,10.119999773800371,1
18:09:14.840885,6,1.3779043755131664,1.7039325244196843,-0.3088089205180691,-0.2783200074336491,34.99999921768904,1
18:09:14.840885,6,1.4192127840300572,1.7550149812685,-0.2950797245952657,-0.2783200074336491,29.879999332129955,1
18:09:14.840885,6,1.4586483506813042,1.803781460154928,-0.3032790843231738,-0.2783200074336491,20.63999953866005,1
18:09:14.840885,6,1.3967704293650651,1.692365648768021,-0.2868803648673578,-0.2783200074336491,34.11999923735857,1
18:09:14.840885,6,1.4366916809047583,1.7407353402657968,-0.2950797245952657,-0.2783200074336491,32.63999927043915,1
18:09:14.840885,6,1.4766129324444512,1.7891050317635722,-0.3032790843231738,-0.2783200074336491,21.359999522566795,1
18:09:14.840885,6,1.4136239654785998,1.6783135600069592,-0.2868803648673578,-0.2783200074336491,31.999999284744263,1
18:09:14.840885,6,1.454026909815031,1.7262816271874564,-0.2950797245952657,-0.2783200074336491,32.87999926507473,1
18:09:14.840885,6,1.4944298541514611,1.7742496943679535,-0.3032790843231738,-0.2783200074336491,20.87999953329563,1
18:09:14.840885,6,1.4763241615517817,1.7175974097091615,-0.227245820373542,-0.2783200074336491,31.119999304413795,1
18:09:14.840885,6,1.529613605632144,1.7440082523913023,-0.3032790843231738,-0.2783200074336491,19.519999563694,1
18:09:14.840885,6,1.5103785639171332,1.6877293875147197,-0.227245820373542,-0.2783200074336491,28.359999366104603,1
18:09:14.840885,6,1.5523473477360277,1.734626206300137,-0.2335602841357063,-0.2088800055789761,18.35999958962202,1
18:09:14.840885,6,1.5271800578327397,1.6725414681792443,-0.227245820373542,-0.2783200074336491,25.11999943852425,1
18:09:14.840885,6,1.5641855320925002,1.713069230398012,-0.3032790843231738,-0.2783200074336491,16.8799996227026,1
18:09:14.840885,6,1.5438288350220362,1.6571862960982076,-0.227245820373542,-0.2783200074336491,22.11999950557947,1
18:09:14.840885,6,1.5981318052235165,1.6814450035838102,-0.3032790843231738,-0.2783200074336491,15.239999659359457,1
18:09:14.893891,7,-0.138841215494032,0.1206919808028412,1.8263176211282357,3.548720094782766,2.999999932944774,-1
18:09:14.893891,7,0.0252300492253582,0.1883074624795727,2.167071093463589,-0.4872000130126253,3.2399999275803566,-1
18:09:14.893891,7,0.4893777289852394,4.851383121677344,1.260573453236541,0.2088800055789761,3.519999921321869,-1
18:09:14.893891,7,0.6989399880219312,6.855771010683476,0.6711943393523834,0.2088800055789761,3.63999991863966,-1
18:09:14.893891,7,0.7089489906696492,7.028074560313029,0.9288116868552674,0.5566400148672983,3.519999921321869,-1
18:09:14.893891,7,0.5792963957455662,4.778901515063011,1.2728064241196542,0.2088800055789761,4.119999907910824,-1
18:09:14.893891,7,0.8473605620442857,6.84293450694317,0.3863474892812444,0.5566400148672983,4.119999907910824,-1
18:09:14.893891,7,0.6664868933156454,4.7048545049584085,1.2854588436038146,0.2088800055789761,3.2399999275803566,-1
18:09:14.893891,7,1.2479423582582545,1.257049752298411,-0.0625392251726553,-0.3480400092958007,3.759999915957451,-1
18:09:14.893891,7,1.2670006004723575,1.267132780538963,-0.1280528024702834,-0.3480400092958007,3.359999924898148,-1
18:09:14.893891,7,1.0040563871112016,1.6676958799395971,1.4484547390293434,-0.3480400092958007,32.35999927669764,0
18:09:14.893891,7,1.038353829100226,1.6418114580156806,1.4344759834570942,-0.3480400092958007,34.99999921768904,0
18:09:14.893891,7,1.0532468711761702,1.6122882547410815,1.3797270251356577,-0.3480400092958007,35.999999195337296,0
18:09:14.893891,7,1.0861730368017195,1.6626909395859468,1.3603363093762753,-0.3480400092958007,28.879999354481697,0
18:09:14.893891,7,0.9990258253288216,1.475535366329788,1.3500740909184277,-0.1391600037168245,7.759999826550484,0
18:09:14.893891,7,1.0359236885141323,1.5453783249443251,1.3833410105252877,-0.3480400092958007,23.9999994635582,0
18:09:14.893891,7,1.0703728158137449,1.6020318739959525,1.382475214073581,-0.3480400092958007,35.11999921500683,0
18:09:14.893891,7,1.1038343655976168,1.6521139281317454,1.3631704110537632,-0.3480400092958007,28.359999366104603,0
18:09:14.893891,7,1.086356067831801,1.5848369506342117,1.366230889712209,-0.3480400092958007,32.63999927043915,0
18:09:14.893891,7,1.1203172793925875,1.6343814642274963,1.3464182633804642,-0.3480400092958007,26.6399994045496,0
18:09:14.893891,7,1.1200338724762635,1.5635241504171158,1.3719416373188258,-0.3480400092958007,29.23999934643507,0
18:09:14.893891,7,1.1550479055587417,1.612402392114327,1.3523075380035734,-0.3480400092958007,24.119999460875988,0
18:09:14.893891,7,1.132773114985771,1.5314672762173522,1.318109977191091,-0.3480400092958007,25.51999942958355,0
18:09:14.893891,7,1.239009960935876,1.67509555530409,1.254159090336777,-0.0697200018621515,19.519999563694,0
18:09:14.893891,7,1.2744222429192442,1.7229716483330026,1.2328421280520057,-0.0697200018621515,8.759999804198742,0
18:09:14.893891,7,1.2570582676150064,1.663040371282828,1.2573892671598828,-0.0697200018621515,24.63999944925308,0
18:09:14.893891,7,1.2929863902660002,1.7105719137517112,1.236164626919423,-0.0697200018621515,11.639999739825726,0
18:09:14.893891,7,1.328914512916994,1.7581034562205946,1.2149399866789632,-0.5566400148672983,7.999999821186066,0
18:09:14.893891,7,1.2428401726351348,1.6260279458765756,1.3421193679515206,-0.3480400092958007,26.75999940186739,0
18:09:14.893891,7,1.2794070482807551,1.6738689820792472,1.322763187010915,-0.2783200074336491,31.63999929279089,0
18:09:14.893891,7,1.3159739239263757,1.721710018281919,1.30340700607031,-0.2783200074336491,15.75999964773655,0
18:09:14.893891,7,1.366673923238084,1.732065203979803,1.221916915339201,-0.5566400148672983,10.239999771118164,0
18:09:14.893891,7,1.314991086469075,1.6488081856536578,1.3294782071748328,-0.2783200074336491,40.23999910056591,0
18:09:14.893891,7,1.352574993481804,1.6959329564365742,1.310313948975017,-0.2783200074336491,21.359999522566795,0
18:09:14.893891,7,1.3901589004945327,1.7430577272194905,1.2911496907752016,-0.2783200074336491,12.999999709427357,0
18:09:14.893891,7,1.3325867449032118,1.6360212603594178,1.3329044534811014,-0.2783200074336491,50.1199988797307,0
18:09:14.893891,7,1.3706735553935545,1.6827805666033098,1.3138381212093797,-0.2783200074336491,28.359999366104603,0
18:09:14.893891,7,1.4101033799281153,1.7372740680462433,1.3168103921009922,-0.2783200074336491,16.239999637007713,0
18:09:14.893891,7,0.154273859763634,0.1065238012719394,1.8301139733917595,-1.1132800297345966,3.63999991863966,-1
18:09:14.893891,7,1.350049145779301,1.6230650162334328,1.3363760686315995,-0.2783200074336491,59.11999867856503,0
18:09:14.893891,7,1.389958879068496,1.6769664098994317,1.3388551374576827,-0.2783200074336491,35.879999198019505,0
18:09:14.893891,7,1.428581569502799,1.723564158576483,1.320483951271718,-0.2783200074336491,19.35999956727028,0
18:09:14.893891,7,1.3673765428718834,1.6099407488892608,1.3398927054677203,-0.2783200074336491,64.11999856680632,0
18:09:14.893891,7,1.407798503289049,1.6634541670426946,1.3424757320190783,-0.2783200074336491,41.63999906927347,0
18:09:14.893891,7,1.446916902117399,1.7096764519698555,1.3242051510416843,-0.2783200074336491,21.359999522566795,0
18:09:14.893891,7,1.4888985481983297,1.6732524588937177,1.1308543733699064,-0.1391600037168245,9.63999978452921,0
18:09:14.893891,7,1.5280963975941857,1.717303746313084,1.1079725998488434,-0.1391600037168245,5.359999880194664,0
18:09:14.893891,7,1.4016194084792994,1.583193410880253,1.3470596330869165,-0.2783200074336491,62.99999859184027,0
18:09:14.893891,7,1.4430536458478058,1.6359161325398053,1.349854526125268,-0.2783200074336491,43.75999902188778,0
18:09:14.893891,7,1.4831516768636757,1.681373220022789,1.3317889791850916,-0.2783200074336491,22.51999949663877,0
18:09:14.893891,7,1.4185314527362605,1.569573014926809,1.350709207183234,-0.2783200074336491,56.87999872863293,0
18:09:14.893891,7,1.4604656387012904,1.6218930946740318,1.3536119877968331,-0.2783200074336491,41.63999906927347,0
18:09:14.893891,7,1.5010474955482347,1.666960524981833,1.335650849182072,-0.2783200074336491,21.99999950826168,0
18:09:14.893891,7,1.615478991728594,1.7677587836937698,1.1869205958029707,-0.2088800055789761,3.2399999275803566,0
18:09:14.893891,7,1.4353016450363945,1.5557899449104935,1.3544023696633274,-0.2783200074336491,48.51999891549349,0
18:09:14.893891,7,1.4777315862144844,1.6077025738252948,1.357414326398429,-0.2783200074336491,36.999999172985554,0
18:09:14.893891,7,1.5187932107408175,1.652375693119946,1.3395588431012082,-0.2783200074336491,20.239999547600743,0
18:09:14.893891,7,1.4684097800982383,1.5277413120005048,1.361917978200356,-0.2783200074336491,40.23999910056591,0
18:09:14.893891,7,1.5118184536759245,1.5788247759459686,1.365152109019384,-0.2783200074336491,31.75999929010868,0
18:09:14.893891,7,1.5538272476111257,1.6226954698849394,1.3475116349482037,-0.2783200074336491,17.999999597668648,0
18:09:14.893891,7,1.4847444120741806,1.513478553946624,1.3657396727027338,-0.2783200074336491,33.11999925971031,0
18:09:14.893891,7,1.5286359649659822,1.564140386670974,1.3690867792669628,-0.2783200074336491,26.75999940186739,0
18:09:14.893891,7,1.5711120659145152,1.6076030465092777,1.351555637603541,-0.2783200074336491,15.639999650418758,0
18:09:14.893891,7,1.500930570852835,1.4990587312289734,1.3696034525549283,-0.2783200074336491,27.359999388456345,0
18:09:14.893891,7,1.5453006139402363,1.5492942896354305,1.373064778978391,-0.2783200074336491,22.63999949395657,0
18:09:14.893891,7,1.588239774327593,1.5923444220108025,1.355644173715517,-0.2783200074336491,13.639999695122242,0
18:09:14.893891,7,1.5328510094180678,1.4697536752452651,1.3774557186399117,-0.2783200074336491,22.879999488592148,0
18:09:14.893891,7,1.5781646745903355,1.5191229266939414,1.3811491713131092,-0.2783200074336491,19.239999569952488,0
18:09:14.940731,8,-2.502763249806573,3.505717535154382,5.54093479664595,-2.226560059469193,2.999999932944774,-1
18:09:14.940731,8,-0.0700186586890118,7.001632628325355,1.058246161899811,0.2783200074336491,3.2399999275803566,-1
18:09:14.940731,8,0.7774237625716379,6.447404655691444,-2.978333527002273,0.2783200074336491,2.999999932944774,-1
18:09:14.940731,8,0.0429242399735534,0.2013875794946021,-0.1470018997446188,-2.574600068764994,4.519999898970127,-1
18:09:14.940731,8,0.9738657576876324,4.804230721004707,0.5413991488164493,0.2088800055789761,3.1199999302625656,-1
18:09:14.940731,8,2.005981225426816,6.7221693009237615,0.2105159245911488,0.2783200074336491,2.999999932944774,-1
18:09:14.940731,8,0.1076271844441919,0.1755444009947847,-0.1470018997446188,-2.574600068764994,3.63999991863966,-1
18:09:14.940731,8,0.97124062497739,1.620274697865132,-0.1704771424883897,-0.4174800111504737,6.11999986320734,0
18:09:14.940731,8,1.0226235094558342,1.6679413508554013,-0.1175294556582259,-0.4174800111504737,17.11999961733818,0
18:09:14.940731,8,1.0556239875033249,1.721766499039893,-0.1213221791635232,-0.4174800111504737,21.99999950826168,0
18:09:14.940731,8,1.0861730368017195,1.7715932652768898,-0.1875315976285884,-0.4174800111504737,13.759999692440031,0
18:09:14.940731,8,1.1901303821248794,1.702816279425264,-0.5526589306067747,-0.1391600037168245,6.999999843537808,0
18:09:14.940731,8,1.4038866822363918,1.846722705330508,-0.3032790843231738,-0.2088800055789761,5.759999871253967,0
18:09:14.940731,8,1.3453785768135242,1.7335009681364155,-0.2868803648673578,-0.2088800055789761,11.759999737143517,0
18:09:14.940731,8,1.389958879068496,1.7909420471387605,-0.2045860527687871,-0.3480400092958007,12.359999723732471,0
18:09:14.995499,9,-6.230288991540344,3.3442799530746647,1.6166754754458983,-2.365720063186018,3.1199999302625656,-1
18:09:14.995499,9,5.568856996574681,0.9273897635471772,-2.16936658495296,-4.383680117083713,3.63999991863966,-1
18:09:14.995499,9,0.7909847586396667,4.876307294084228,1.2610834584434087,0.4174800111504737,3.1199999302625656,-1
18:09:14.995499,9,0.9738364028142116,1.6378131304632009,1.540858218881538,-0.4872000130126253,36.35999918729067,0
18:09:14.995499,9,1.0075050366254277,1.6133569187718888,1.5271221946869376,-0.4872000130126253,39.63999911397696,0
18:09:14.995499,9,0.95714937632405,1.4842380657932566,1.5074302031191316,-0.4872000130126253,3.359999924898148,0
18:09:14.995499,9,0.9912087538971112,1.5517971310140106,1.544926627197499,-0.4872000130126253,18.759999580681324,0
18:09:14.995499,9,1.0242621102614144,1.6035441554171403,1.5297515167033602,-0.4872000130126253,41.35999907553196,0
18:09:14.995499,9,1.056205331686738,1.637842741541427,1.4564538633546675,-0.4872000130126253,36.51999918371439,0
18:09:14.995499,9,1.0861730368017195,1.6626909395859468,1.3603363093762753,-0.4872000130126253,15.239999659359457,0
18:09:14.995499,9,1.0398238415308911,1.5766775244380076,1.476115730863769,-0.4872000130126253,40.99999908357859,0
18:09:14.995499,9,1.056357021649619,1.5665536641370572,1.478828411055694,-0.4872000130126253,38.75999913364649,0
18:09:14.995499,9,0.1391737144547231,0.1495387702459586,1.850742372125474,2.0874000557523686,3.1199999302625656,-1
18:09:14.995499,9,1.0727845669511986,1.5562706144334015,1.4815837459195178,-0.4872000130126253,34.99999921768904,0
18:09:14.995499,9,1.1901303821248794,1.5017555650352994,1.0254511823717445,-0.4872000130126253,11.9999997317791,0
18:09:14.995499,9,3.8748670755519896,5.839683240855302,2.3732861299728043,3.33984008920379,3.1199999302625656,-1
18:09:14.995499,9,1.1053161928675106,1.5352310758193706,1.4872212733002708,-0.4872000130126253,30.759999312460423,0
18:09:14.995499,9,1.3349063089925552,1.5588576105475136,1.1721367495322237,-0.4872000130126253,11.359999746084211,0
18:09:14.995499,9,1.4019811153666133,1.6968815597491815,1.2073445299057042,-0.3480400092958007,6.6399998515844345,0
18:09:14.995499,9,1.4172864142620174,1.6107033019819383,1.2395733778784237,-0.3480400092958007,11.359999746084211,0
18:09:15.053352,10,-0.1184806736515666,0.1460115150919946,1.830731061585003,4.105360109650064,2.999999932944774,-1
18:09:15.053352,10,0.4326602467325753,4.819286963535333,1.4618803333897747,0.4872000130126253,3.63999991863966,-1
18:09:15.053352,10,0.4743377482382142,4.75232297076546,1.4700378899352962,0.4174800111504737,4.359999902546406,-1
18:09:15.053352,10,0.6436089960082765,4.897094520052607,1.255513538032298,0.4174800111504737,3.519999921321869,-1
18:09:15.053352,10,0.8010007318096284,4.938054328388698,1.2517268075418164,0.4174800111504737,3.359999924898148,-1
18:09:15.053352,10,1.253397230402565,6.780298238295771,0.6914172077642071,0.4872000130126253,3.1199999302625656,-1
18:09:15.053352,10,0.0561594370331194,0.2466061864875485,1.993635057052856,-0.4872000130126253,3.519999921321869,-1
18:09:15.053352,10,0.9396270977627468,1.65629638429131,1.5359056459447968,-0.5566400148672983,22.11999950557947,0
18:09:15.053352,10,1.099325092986621,1.6382137265142982,0.864634560642024,-0.5566400148672983,7.639999829232693,1
18:09:15.053352,10,1.129871962676419,1.6837346570808132,0.8330862403611268,-0.2783200074336491,6.239999860525131,1
18:09:15.053352,10,0.9556316447569974,1.6248741144705523,1.4632014934866149,-0.6263600167294499,26.75999940186739,0
18:09:15.053352,10,0.9412796007676618,1.5634262499816785,1.4829390961343911,-0.5566400148672983,23.75999946892261,0
18:09:15.053352,10,0.9726679939394318,1.6155610649606378,1.4656969175818673,-0.5566400148672983,31.87999928742647,0
18:09:15.053352,10,0.973968738503183,1.5449257553613558,1.487896288727483,-0.5566400148672983,26.87999939918518,0
18:09:15.053352,10,1.0064472004566962,1.596443643341641,1.470819415266043,-0.5566400148672983,37.11999917030335,0
18:09:15.053352,10,1.0389256624102097,1.647961531321926,1.4537425418046026,-0.5566400148672983,27.119999393820763,0
18:09:15.053352,10,0.9901680281116128,1.53543962437598,1.4904380898643104,-0.5566400148672983,29.35999934375286,0
18:09:15.053352,10,1.0231866798991751,1.5866411829587037,1.473445976609489,-0.5566400148672983,41.51999907195568,0
18:09:15.053352,10,1.056205331686738,1.637842741541427,1.4564538633546675,-0.5566400148672983,29.759999334812164,0
18:09:15.053352,10,1.158610129146429,1.538894290291474,0.9105981470675304,-0.6263600167294499,6.11999986320734,1
18:09:15.053352,10,1.0062683017467948,1.5257974971825463,1.4930216900591091,-0.5566400148672983,30.759999312460423,0
18:09:15.053352,10,1.0392515138556626,1.5707305916015015,1.4574485605139935,-0.5566400148672983,43.75999902188778,0
18:09:15.053352,10,1.0703728158137449,1.6020318739959525,1.382475214073581,-0.5566400148672983,31.239999301731583,0
18:09:15.053352,10,0.9854109606207448,1.4423417805123429,1.4429201168382846,-0.5566400148672983,7.999999821186066,0
18:09:15.053352,10,1.0217052846284105,1.5102507075369034,1.477580612911347,-0.5566400148672983,30.51999931782484,0
18:09:15.053352,10,1.053398136251246,1.541854316773489,1.4044850989926576,-0.5566400148672983,42.9999990388751,0
18:09:15.053352,10,1.0510068087376514,1.47209874443267,1.4290614053277908,-0.5566400148672983,28.759999357163903,0
18:09:15.053352,10,1.086054221761327,1.5211881054899346,1.410022593616697,-0.5566400148672983,39.759999111294746,0
18:09:15.053352,10,1.155114335296458,1.4575708740300743,1.0541243828438862,-0.4174800111504737,14.119999684393406,1
18:09:15.053352,10,1.0666510766497586,1.4618711572175391,1.431801879062604,-0.5566400148672983,25.87999942153692,0
18:09:15.053352,10,1.1022201714688422,1.5106194638968635,1.4128544525966542,-0.5566400148672983,34.879999220371246,0
18:09:15.053352,10,1.2070987547166874,1.49017774113802,1.0285534509351302,-0.5566400148672983,8.999999798834324,1
18:09:15.053352,10,1.118275900082652,1.4998952022541503,1.4157280098432394,-0.5566400148672983,29.759999334812164,0
18:09:15.053352,10,-0.1743822396808832,0.030191633776488,1.81920092418844,2.7137600724818185,4.119999907910824,-1
18:09:15.108588,11,-0.0472447691551032,0.2470721127184716,1.9729387918813537,2.15712005761452,3.519999921321869,-1
18:09:15.108588,11,0.4779498560264113,6.998537355444091,1.78119286773247,0.4872000130126253,3.2399999275803566,-1
18:09:15.108588,11,0.0698865201555825,0.2367204654521037,1.9444275102482207,-0.8349600223009475,2.999999932944774,-1
18:09:15.108588,11,1.0036281138556398,1.5716605733149829,1.3964985366229694,-0.5566400148672983,24.23999945819378,0
18:09:15.108588,11,1.032037868836842,1.5116624476377636,1.1378425706090496,-0.4872000130126253,21.7599995136261,0
18:09:15.108588,11,1.058818570850245,1.4717073596216907,0.967302878276197,-0.4872000130126253,23.35999947786331,0
18:09:15.108588,11,1.1551094042165688,1.6055470296376104,0.8733875756895249,-0.3480400092958007,8.759999804198742,0
18:09:15.108588,11,1.020320705550621,1.5618855698962164,1.3991177408950397,-0.5566400148672983,28.759999357163903,0
18:09:15.108588,11,1.0488189520655464,1.5016125973929086,1.1405354198662123,-0.4872000130126253,25.23999943584204,0
18:09:15.108588,11,1.0923813983118047,1.4509276713480164,0.9728707789680986,-0.4872000130126253,25.51999942958355,0
18:09:15.108588,11,1.0034497162460003,1.501867765724365,1.4210848201132162,-0.5566400148672983,31.999999284744263,0
18:09:15.108588,11,1.0369112660298725,1.551949819860159,1.4017800170933987,-0.5566400148672983,33.2399992570281,0
18:09:15.108588,11,1.0715230244724152,1.4451427185050911,1.074288445279687,-0.4872000130126253,28.639999359846115,0
18:09:15.108588,11,1.1089997925802024,1.4402957282570392,0.9757195995332996,-0.4872000130126253,26.75999940186739,0
18:09:15.108588,11,1.1426179267190462,1.483956741826298,0.944669642509806,-0.6263600167294499,12.11999972909689,0
18:09:15.108588,11,1.17623606085789,1.5276177553955566,0.9136196854863128,-0.6263600167294499,9.759999781847,0
18:09:15.108588,11,1.243472329135578,1.6149397825340732,0.8515197714393263,-0.4872000130126253,7.519999831914902,0
18:09:15.108588,11,1.0194045484359953,1.492098048642916,1.423702607915471,-0.5566400148672983,35.11999921500683,0
18:09:15.108588,11,1.065063348947787,1.5044792926438724,1.333829987415866,-0.5566400148672983,36.999999172985554,0
18:09:15.108588,11,1.0878241003749047,1.434713786051217,1.0770828693086214,-0.4872000130126253,31.119999304413795,0
18:09:15.108588,11,1.0500058063113076,1.4657676670226931,1.4112098359493304,-0.5566400148672983,36.999999172985554,0
18:09:15.108588,11,1.0812661538298434,1.494113230999287,1.3366075652622238,-0.5566400148672983,38.99999912828207,0
18:09:15.108588,11,1.1200982884680366,1.413386183024849,1.0827975833160282,-0.4872000130126253,32.35999927669764,0
18:09:15.108588,11,1.1419022332308946,1.418552959987497,0.9815455567323405,-0.4872000130126253,25.51999942958355,0
18:09:15.108588,11,1.0300999562557769,1.407012308643615,1.4334905007030367,-0.5566400148672983,14.759999670088291,0
18:09:15.108588,11,1.0619485510190343,1.4357150901595266,1.3607439017606335,-0.5566400148672983,36.999999172985554,0
18:09:15.108588,11,1.0973608330024025,1.4835911831884394,1.339426939475862,-0.5566400148672983,38.87999913096428,0
18:09:15.108588,11,1.1360681732669091,1.4024896451947897,1.0857173018278878,-0.4872000130126253,31.75999929010868,0
18:09:15.108588,11,1.0774176543600378,1.4253826589384109,1.3635124683621815,-0.5566400148672983,35.11999921500683,0
18:09:15.108588,11,1.111834576104203,1.465799002282876,1.324087634956913,-0.5566400148672983,36.35999918729067,0
18:09:15.108588,11,1.1519244522002536,1.3914393975197448,1.0886782067685798,-0.4872000130126253,29.759999334812164,0
18:09:15.108588,11,1.1080311023303424,1.4042721417605004,1.3691690143918058,-0.5566400148672983,31.999999284744263,0
18:09:15.108588,11,1.1380781467258525,1.421893870311808,1.275709782996358,-0.4174800111504737,32.51999927312136,0
18:09:15.108588,11,1.1676655396534614,1.3802365450152243,1.0916800020500912,-0.4872000130126253,26.75999940186739,0
18:09:15.108588,11,1.1216478465774722,1.3866538592523896,1.3544319655156432,-0.5566400148672983,28.23999936878681,0
18:09:15.108588,11,1.1536300239361832,1.4108256777823114,1.2786754962463087,-0.4174800111504737,28.11999937146902,0
18:09:15.108588,11,1.1822938841506592,1.380642077122967,1.2667817573805504,-0.4174800111504737,23.87999946624041,0
18:09:15.108588,11,1.5325900131182566,1.670785507713938,1.205235608991919,-0.2783200074336491,5.759999871253967,-1
18:09:15.108588,11,1.7599840982845476,1.5873665718777716,1.3198184210578383,-0.2783200074336491,4.759999893605709,-1
18:09:15.108588,11,5.2653268421061945,4.432876736685599,3.371777979375973,-3.4095600910659414,2.999999932944774,-1
18:09:15.163188,12,-0.0911489780785354,0.0313019168210153,-0.2339253297082164,3.4095600910659414,4.119999907910824,-1
18:09:15.163188,12,0.6541160557368099,5.003285064339187,0.3537884164542555,0.4872000130126253,3.879999913275242,-1
18:09:15.163188,12,0.1187815799873394,0.1663819651527732,0.1490536279603468,3.548720094782766,4.119999907910824,-1
18:09:15.163188,12,0.9109842064080904,1.5910669954421126,-0.0183346948792471,-0.4872000130126253,24.51999945193529,0
18:09:15.163188,12,0.942410304611151,1.6459538170738082,-0.018967184353538,-0.4872000130126253,26.519999407231808,0
18:09:15.163188,12,1.1398965632373033,1.8181632351713053,-0.7591000132325337,-0.5566400148672983,9.759999781847,0
18:09:15.163188,12,0.9426212334655896,1.5725303235645347,-0.0183346948792471,-0.4872000130126253,28.639999359846115,0
18:09:15.163188,12,0.9751387098859324,1.6267776881489129,-0.018967184353538,-0.4872000130126253,31.359999299049377,0
18:09:15.163188,12,1.12584305188153,1.7564716403763796,-0.7380069541059185,-0.4872000130126253,10.239999771118164,0
18:09:15.163188,12,1.190198743731062,1.8568754643743963,-0.7801930723591489,-0.5566400148672983,5.519999876618385,0
18:09:15.163188,12,1.5141275573167672,1.991737491525448,-1.6036515851188484,-0.0697200018621515,3.1199999302625656,-1
18:09:15.163188,12,0.9581553975328078,1.5627911868960287,-0.0366675563043671,-0.4872000130126253,32.75999926775694,0
18:09:15.163188,12,0.9912087538971112,1.6167025818080405,-0.0379324720045314,-0.4872000130126253,36.75999917834997,0
18:09:15.163188,12,0.9727127619626984,1.5515009336986127,-0.0916368091637683,-0.4872000130126253,36.11999919265509,0
18:09:15.163188,12,1.0062683017467948,1.6050228502824344,-0.0947979916996877,-0.4872000130126253,41.999999061226845,0
18:09:15.163188,12,0.9540898048853256,1.4885127033049816,-0.0884756266278488,-0.4872000130126253,12.359999723732471,0
18:09:15.163188,12,0.98817887714009,1.5416963940176156,-0.0916368091637683,-0.4872000130126253,37.87999915331602,0
18:09:15.163188,12,1.0222679493948543,1.5948800847302491,-0.0947979916996877,-0.4872000130126253,46.35999896377325,0
18:09:15.163188,12,1.056357021649619,1.6480637754428833,-0.0979591742356072,-0.4872000130126253,32.119999282062054,0
18:09:15.163188,12,1.0035461752576644,1.5317376859888514,-0.0916368091637683,-0.4872000130126253,37.51999916136265,0
18:09:15.163188,12,1.0381653711044316,1.584577832505783,-0.0947979916996877,-0.4872000130126253,48.35999891906977,0
18:09:15.163188,12,1.086054221761327,1.6220522666886557,-0.1761619608684559,-0.4872000130126253,34.639999225735664,0
18:09:15.163188,12,1.176517769416782,1.6833396079000198,-0.635294580673723,-0.4872000130126253,7.239999838173389,0
18:09:15.163188,12,1.0334090733044026,1.5105298975926,-0.1099440086476312,-0.4872000130126253,34.99999921768904,0
18:09:15.163188,12,1.0690584454813885,1.5626384419191517,-0.1137367321529285,-0.4872000130126253,47.51999893784523,0
18:09:15.163188,12,1.1022201714688422,1.6111108037880582,-0.1761619608684559,-0.4872000130126253,35.759999200701714,0
18:09:15.163188,12,1.046101460613032,1.496742393788839,-0.1647923241083234,-0.4872000130126253,31.239999301731583,0
18:09:15.163188,12,1.0821886803478422,1.5483753124728554,-0.1704771424883897,-0.4872000130126253,44.11999901384115,0
18:09:15.163188,12,1.0610163301257522,1.4862067172731872,-0.1647923241083234,-0.4872000130126253,26.87999939918518,0
18:09:15.163188,12,1.0976180660845491,1.5374761881581225,-0.1704771424883897,-0.4872000130126253,39.11999912559986,0
18:09:15.163188,12,1.1791531856633364,1.5837257468072516,-0.4415330961607676,-0.4174800111504737,15.639999650418758,0
18:09:15.163188,12,1.2063238997443164,1.58684156194991,-0.6166029271197688,-0.4174800111504737,5.759999871253967,0
18:09:15.163188,12,1.1231723856404947,1.5085376920226927,-0.2458835662278178,-0.4872000130126253,33.639999248087406,0
18:09:15.216843,13,-3.2769766000528757,2.5665057542905405,7.650691136264007,-0.3480400092958007,3.359999924898148,-1
18:09:15.216843,13,-0.0603255077464199,0.245669584586466,2.004036632851607,0.1391600037168245,3.2399999275803566,-1
18:09:15.216843,13,0.3485089376384443,4.891618997480446,1.050983417426345,0.4872000130126253,3.2399999275803566,-1
18:09:15.216843,13,1.121393106768128,6.913227247859352,0.9524249271205204,0.3480400092958007,3.2399999275803566,-1
18:09:15.216843,13,1.4541813576533529,6.78951382459905,0.9783854219007008,0.3480400092958007,3.359999924898148,-1
18:09:15.216843,13,0.0829669307258162,0.1891620050892982,2.146093224747292,-2.574600068764994,3.879999913275242,-1
18:09:15.216843,13,0.973968738503183,1.5449257553613558,1.487896288727483,-0.4174800111504737,23.87999946624041,0
18:09:15.216843,13,0.939157222178602,1.4240374426716238,1.526833608449789,-0.4174800111504737,11.359999746084211,0
18:09:15.216843,13,0.9727127619626984,1.4749174699270853,1.5099276492544491,-0.4174800111504737,26.119999416172504,0
18:09:15.216843,13,1.5062226548709707,1.4017577284588858,0.0348493909663054,-0.1391600037168245,3.63999991863966,-1
18:09:15.216843,13,1.0217052846284105,1.5102507075369034,1.477580612911347,-0.4174800111504737,26.99999939650297,0
18:09:15.216843,13,1.0523948562710146,1.5352924370409264,1.386043516043954,-0.4174800111504737,16.519999630749226,0
18:09:15.216843,13,1.2278629110238442,1.5595054015669545,0.8857243927492711,-0.5566400148672983,4.239999905228615,0
18:09:15.216843,13,1.5774759296439336,1.402808179677515,-0.0007678416100973,-0.1391600037168245,4.359999902546406,-1
18:09:15.216843,13,1.1360681732669091,1.4024896451947897,1.0857173018278878,-0.4174800111504737,16.359999634325504,0
18:09:15.216843,13,1.2455461131950911,1.480826278460314,0.9261574239437704,-0.5566400148672983,7.879999823868275,0
18:09:15.216843,13,1.6684540214616077,1.3857839798147982,-0.031541986025779,-0.2088800055789761,3.1199999302625656,-1
18:09:15.216843,13,1.2063238997443164,1.3731826661117448,0.9937024903367108,-0.4174800111504737,15.999999642372131,0
18:09:15.216843,13,1.2753404576715577,1.3904841485335666,0.969715548397036,-0.5566400148672983,10.759999759495258,0
18:09:15.276522,14,-5.443643130202488,4.505437345373836,2.464145248473497,-3.0615200817701407,3.2399999275803566,-1
18:09:15.276522,14,-5.026149439944447,4.893147148441343,1.7746768263146278,1.4613200390303973,3.2399999275803566,-1
18:09:15.276522,14,0.0270030975813622,0.1866583803124709,1.831362851480864,-2.365720063186018,3.759999915957451,-1
18:09:15.276522,14,0.8536708666834134,4.895237349737423,1.0545938258392815,0.2783200074336491,2.999999932944774,-1
18:09:15.276522,14,0.9549895867809174,1.53024549998222,1.413481029135799,-0.3480400092958007,24.119999460875988,0
18:09:15.276522,14,0.98115094131386,1.5467089076394571,1.3024078911569386,-0.3480400092958007,20.51999954134226,0
18:09:15.276522,14,0.97124062497739,1.5209424451199969,1.4159737751732742,-0.3480400092958007,28.999999351799488,0
18:09:15.276522,14,0.9931802467497212,1.514595138657443,1.2508705530058042,-0.3480400092958007,24.99999944120645,0
18:09:15.276522,14,0.8911120727489247,1.3818349486278094,1.5414144296287744,-0.3480400092958007,3.2399999275803566,0
18:09:15.276522,14,0.95714937632405,1.4842380657932566,1.5074302031191316,-0.3480400092958007,28.759999357163903,0
18:09:15.276522,14,0.9873945399250716,1.5114828850513515,1.4185084566544215,-0.3480400092958007,34.639999225735664,0
18:09:15.276522,14,1.0261169180452483,1.4950895760794094,1.2560970527465032,-0.3480400092958007,30.63999931514263,0
18:09:15.276522,14,0.939157222178602,1.4240374426716238,1.526833608449789,-0.3480400092958007,14.51999967545271,0
18:09:15.276522,14,0.9721773727828352,1.4693543569904863,1.492465273317555,-0.3480400092958007,30.999999307096004,0
18:09:15.276522,14,1.002494008259786,1.4955083356317085,1.403240847813183,-0.3480400092958007,40.639999091625214,0
18:09:15.276522,14,1.0424321583305058,1.4850991681700876,1.2587739744778634,-0.3480400092958007,36.999999172985554,0
18:09:15.276522,14,1.0654951542777458,1.4914011595246752,1.143271566396566,-0.3480400092958007,23.35999947786331,0
18:09:15.276522,14,1.5062226548709707,1.4017577284588858,0.0348493909663054,-0.0697200018621515,3.759999915957451,-1
18:09:15.276522,14,1.5397060334565391,1.432918848334125,-0.008835970960197,-0.0697200018621515,4.519999898970127,-1
18:09:15.276522,14,1.5731894120421075,1.4640799682093644,-0.0525213328866995,-0.0697200018621515,3.359999924898148,-1
18:09:15.276522,14,0.9854109606207448,1.4423417805123429,1.4429201168382846,-0.3480400092958007,32.119999282062054,0
18:09:15.276522,14,1.0184336447102278,1.4857479234476414,1.4058561423756988,-0.3480400092958007,45.87999897450209,0
18:09:15.276522,14,1.0567730217278484,1.467199145929238,1.2435888606947052,-0.3480400092958007,43.5199990272522,0
18:09:15.276522,14,1.0985262558824025,1.4704976215155137,1.148872652525074,-0.3480400092958007,27.519999384880062,0
18:09:15.276522,14,1.0463732537126302,1.445897587192805,1.358015509903634,-0.3480400092958007,48.87999890744686,0
18:09:15.276522,14,1.0728497058918407,1.4569137724832473,1.2463448182034107,-0.3480400092958007,48.35999891906977,0
18:09:15.276522,14,1.1200982884680366,1.413386183024849,1.0827975833160282,-0.3480400092958007,31.5199992954731,0
18:09:15.276522,14,1.2457488417885567,1.547558674896497,0.8889255085128156,-0.5566400148672983,8.239999815821648,0
18:09:15.276522,14,1.0619485510190343,1.4357150901595266,1.3607439017606335,-0.3480400092958007,48.51999891549349,0
18:09:15.276522,14,1.104679625077931,1.4358797536319172,1.2519808665682055,-0.3480400092958007,49.87999888509512,0
18:09:15.276522,14,1.1360681732669091,1.4024896451947897,1.0857173018278878,-0.3480400092958007,34.879999220371246,0
18:09:15.276522,14,1.0774176543600378,1.4253826589384109,1.3635124683621815,-0.3480400092958007,44.87999899685383,0
18:09:15.276522,14,1.1204296771347777,1.4251332116108406,1.2548603938241802,-0.3480400092958007,47.11999894678593,0
18:09:15.276522,14,1.1519244522002536,1.3914393975197448,1.0886782067685798,-0.3480400092958007,36.51999918371439,0
18:09:15.276522,14,1.262566543881633,1.468712923832716,0.9294031875338672,-0.5566400148672983,17.879999600350857,0
18:09:15.276522,14,1.1065271153020435,1.3974152073957538,1.3515484709711587,-0.3480400092958007,39.35999912023544,0
18:09:15.276522,14,1.144788216942836,1.379429929582552,1.2073882585697189,-0.3480400092958007,41.51999907195568,0
18:09:15.276522,14,1.1676655396534614,1.3802365450152243,1.0916800020500912,-0.3480400092958007,35.879999198019505,0
18:09:15.276522,14,1.2425958953790104,1.3609609562856475,0.8931277319558837,-0.2783200074336491,19.519999563694,0
18:09:15.276522,14,1.1216478465774722,1.3866538592523896,1.3544319655156432,-0.3480400092958007,33.2399992570281,0
18:09:15.276522,14,1.1575757787974268,1.3601265450013518,1.192736435321993,-0.3480400092958007,34.759999223053455,0
18:09:15.276522,14,1.198795855413697,1.357377521769545,1.097805058868535,-0.3480400092958007,33.359999254345894,0
18:09:15.276522,14,1.2378173578005371,1.3495732880173446,1.0000286041309066,-0.2783200074336491,22.99999948590994,0
18:09:15.276522,14,1.1461655241720343,1.343442306076617,1.307809082909628,-0.2783200074336491,27.639999382197857,0
18:09:15.276522,14,1.1727448117861796,1.3488718672538886,1.195752117135498,-0.3480400092958007,28.359999366104603,0
18:09:15.276522,14,1.2153843596987888,1.296995498713425,1.0334678040115917,-0.2783200074336491,29.639999337494373,0
18:09:15.276522,14,1.2027295521043897,1.325925782514505,1.2019005020108722,-0.3480400092958007,23.11999948322773,0
18:09:15.276522,14,1.2303529240503417,1.2851833965096424,1.036632847258009,-0.2783200074336491,25.63999942690134,0
18:09:15.276522,14,4.34157002340852,5.385109985280712,0.4837522656105875,3.618160096637439,3.2399999275803566,-1
18:09:15.276522,14,0.1638233305510033,0.0824477151788912,1.8257206360193896,-2.226560059469193,3.999999910593033,-1
18:09:15.276522,14,4.6613157001696015,4.86791300770249,0.0426046300385682,3.618160096637439,3.1199999302625656,-1
18:09:15.325651,15,-0.1330286501553772,0.0023283247588006,1.7848094722758814,-1.5307600408850703,3.519999921321869,-1
18:09:15.325651,15,-0.6305815593760464,7.098664962843879,1.4948191005430511,0.4872000130126253,3.519999921321869,-1
18:09:15.325651,15,-0.5389407291640836,7.052441526825543,2.346782950741807,0.2088800055789761,3.359999924898148,-1
18:09:15.325651,15,0.2704872675907744,7.012788236744055,2.058953593687497,0.3480400092958007,2.999999932944774,-1
18:09:15.325651,15,0.8239624255095729,5.025623999861741,1.0287986116495058,0.2783200074336491,2.999999932944774,-1
18:09:15.325651,15,0.9338242071658844,5.106003823661064,1.2282617144245798,0.2783200074336491,3.1199999302625656,-1
18:09:15.325651,15,1.3162732642341144,1.3575881225197135,-0.2099213191996525,-0.8349600223009475,3.2399999275803566,-1
18:09:15.325651,15,0.9337935328032247,1.3502151519063272,1.5322415597145729,-0.2783200074336491,7.35999983549118,0
18:09:15.325651,15,0.9683936739571812,1.4002450923621417,1.5149095612681442,-0.2783200074336491,27.519999384880062,0
18:09:15.325651,15,1.107286697045007,1.3755510550178307,1.0124189061388489,-0.3480400092958007,5.119999885559082,0
18:09:15.325651,15,1.1429296691672242,1.3663033144135863,0.9135333930955908,-0.6263600167294499,5.119999885559082,0
18:09:15.325651,15,1.031081981830675,1.413122850538214,1.450749305528554,-0.2783200074336491,32.35999927669764,0
18:09:15.325651,15,1.0690311626870237,1.3895433279088465,1.2761197493179817,-0.3480400092958007,20.119999550282955,0
18:09:15.325651,15,1.2240245605328786,1.3170196245353445,0.8215906121755019,-0.5566400148672983,9.239999793469906,0
18:09:15.325651,15,1.2626101657807776,1.413279072612133,0.8572719932509181,-0.6263600167294499,6.999999843537808,0
18:09:15.325651,15,1.131162465202414,1.337088164206025,1.1200755240421,-0.3480400092958007,13.879999689757824,0
18:09:15.325651,15,-0.2030327639068639,0.0652712925727644,1.863888423612284,3.548720094782766,3.359999924898148,-1
18:09:15.381031,16,-0.0950825606943874,0.2259031858755333,2.062738053393544,-3.4095600910659414,3.519999921321869,-1
18:09:15.381031,16,0.9767410549184812,4.99953185354615,1.0357899811835631,0.2088800055789761,4.239999905228615,-1
18:09:15.381031,16,0.9906383368385986,5.01621870594824,0.8188699232371097,0.5566400148672983,4.359999902546406,-1
18:09:15.381031,16,0.0956140396389476,0.1119169396468542,2.205770649327189,1.1132800297345966,4.119999907910824,-1
18:09:15.381031,16,1.2218402548240923,1.422921623935941,-0.0547323862348223,-0.6263600167294499,4.239999905228615,-1
18:09:15.381031,16,1.269052325847755,1.443108025054488,-0.098188207432786,-0.6263600167294499,4.999999888241291,-1
18:09:15.381031,16,1.3560721339547426,1.436741600901004,-0.1345292205423449,-0.0697200018621515,3.879999913275242,-1
18:09:15.381031,16,1.1775763509668056,1.40772132765905,0.880598328208601,-0.4174800111504737,47.63999893516302,0
18:09:15.381031,16,1.2122230327663872,1.4491393409045132,0.8476632633216115,-0.4174800111504737,16.759999625384808,0
18:09:15.381031,16,1.139107566768663,1.3031764522402642,0.9522853265214092,-0.3480400092958007,27.87999937683344,0
18:09:15.381031,16,1.1747178737490749,1.3439158124795807,0.9195321061593578,-0.4174800111504737,51.11999885737896,0
18:09:15.381031,16,1.115984713871121,1.200771468351797,0.925604186470047,-0.2088800055789761,11.359999746084211,0
18:09:15.381031,16,1.124388801620082,1.179340569545291,1.029141334655055,-0.2088800055789761,5.519999876618385,0
18:09:15.440576,17,-1.6885181150445567,6.876320803355967,2.1129858321685937,0.0697200018621515,3.1199999302625656,-1
18:09:15.440576,17,-0.044007219124159,0.0969413667839945,1.770490213386143,2.0874000557523686,3.63999991863966,-1
18:09:15.440576,17,0.1096692159073579,0.2241022970425606,2.041950323276968,3.96620010593324,3.63999991863966,-1
18:09:15.440576,17,1.1940611764209206,1.390570871702315,-0.0080171369791237,-0.5566400148672983,3.759999915957451,-1
18:09:15.440576,17,1.2590243153169351,1.2985422578132515,-0.1138047481565869,-0.5566400148672983,6.11999986320734,-1
18:09:15.440576,17,1.331846571784429,1.27055958016744,-0.1696339308733798,-0.5566400148672983,4.759999893605709,-1
18:09:15.440576,17,1.0923813983118047,1.4509276713480164,0.9728707789680986,-0.0697200018621515,33.7599992454052,0
18:09:15.440576,17,1.0715230244724152,1.4451427185050911,1.074288445279687,-0.0697200018621515,31.239999301731583,0
18:09:15.440576,17,1.1089997925802024,1.4402957282570392,0.9757195995332996,-0.0697200018621515,39.63999911397696,0
18:09:15.440576,17,1.1426179267190462,1.483956741826298,0.944669642509806,-0.0697200018621515,19.239999569952488,0
18:09:15.440576,17,0.956154616016722,1.3321597921205095,1.3329887566757446,-0.1391600037168245,4.759999893605709,0
18:09:15.440576,17,1.0878241003749047,1.434713786051217,1.0770828693086214,-0.0697200018621515,35.879999198019505,0
18:09:15.440576,17,1.1255072877984629,1.429503798075541,0.978611288510205,-0.0697200018621515,45.759998977184296,0
18:09:15.440576,17,1.15962582887359,1.472837665906012,0.947648989923227,-0.0697200018621515,21.87999951094389,0
18:09:15.440576,17,1.1200982884680366,1.413386183024849,1.0827975833160282,-0.0697200018621515,39.759999111294746,0
18:09:15.440576,17,1.1419022332308946,1.418552959987497,0.9815455567323405,-0.0697200018621515,51.51999884843826,0
18:09:15.440576,17,1.176517769416782,1.4615548649571637,0.950672207325832,-0.0697200018621515,24.63999944925308,0
18:09:15.440576,17,1.1360681732669091,1.4024896451947897,1.0857173018278878,-0.1391600037168245,41.879999063909054,0
18:09:15.440576,17,1.1743479282338716,1.396178956171462,0.9875406529862978,-0.0697200018621515,55.519998759031296,0
18:09:15.440576,17,1.2099470207144811,1.4385026173158884,0.956849038465034,-0.0697200018621515,27.119999393820763,0
18:09:15.440576,17,1.0481162311360277,1.3331539507594268,1.3029523122839972,-0.1391600037168245,11.9999997317791,0
18:09:15.440576,17,1.075515570678814,1.3480508620753862,1.2102620467872551,-0.1391600037168245,16.639999628067017,0
18:09:15.440576,17,1.1159134690782144,1.347940797794983,1.1171675696361878,-0.0697200018621515,21.639999516308308,0
18:09:15.440576,17,1.1519244522002536,1.3914393975197448,1.0886782067685798,-0.1391600037168245,41.63999906927347,0
18:09:15.440576,17,1.1879354353222928,1.4349379972445064,1.0601888439009723,-0.0697200018621515,56.759998731315136,0
18:09:15.440576,17,1.2264809885718664,1.426735475828912,0.960002034523692,-0.0697200018621515,29.11999934911728,0
18:09:15.440576,17,1.1676655396534614,1.3802365450152243,1.0916800020500912,-0.1391600037168245,38.99999912828207,0
18:09:15.440576,17,1.2041686141045087,1.4233849258244242,1.0632844800580823,-0.0697200018621515,54.87999877333641,0
18:09:15.440576,17,1.240671688555556,1.4665333066336237,1.0348889580660736,-0.0697200018621515,29.999999329447743,0
18:09:15.440576,17,1.2806267458785328,1.6812210600318729,1.343600464449458,-0.1391600037168245,12.23999972641468,0
18:09:15.440576,17,1.1949312216591297,1.404018383762237,1.1666857105945012,-0.1391600037168245,34.879999220371246,0
18:09:15.440576,17,1.232286664520832,1.4479102225231228,1.1406349858670093,-0.0697200018621515,50.519998870790005,0
18:09:15.440576,17,1.2630791318521546,1.5390306325042713,1.1891724471843943,-0.0697200018621515,29.639999337494373,0
18:09:15.440576,17,1.210589765533871,1.3924005129701174,1.1697987096910187,-0.1391600037168245,30.119999326765537,0
18:09:15.440576,17,1.258600096571607,1.4697498438352403,1.219459253456387,-0.1391600037168245,44.75999899953604,0
18:09:15.440576,17,1.2957340205174035,1.5963688513709815,1.372221902294981,-0.1391600037168245,28.23999936878681,0
18:09:15.440576,17,1.2415421256608197,1.3687139487104452,1.1761455054558658,-0.1391600037168245,25.63999942690134,0
18:09:15.440576,17,1.2747537778818314,1.4575145824757203,1.222737681856854,-0.1391600037168245,38.87999913096428,0
18:09:15.440576,17,1.3127134981998898,1.583770912545328,1.3755975098296114,-0.1391600037168245,26.119999416172504,0
18:09:15.440576,17,1.2991402980154638,1.476433801025948,1.302963142424308,-0.1391600037168245,33.359999254345894,0
18:09:15.440576,17,1.3295617056323483,1.5710095971883724,1.3790168939738667,-0.1391600037168245,23.75999946892261,0
18:09:15.440576,17,1.8017032914449096,1.491538875759539,1.4511978225209603,-0.0697200018621515,3.759999915957451,-1
18:09:15.440576,17,1.787928546308174,1.3491799384837455,1.3245107130226457,-0.0697200018621515,3.2399999275803566,-1
18:09:15.491612,18,-5.950536040757606,1.2082897004967887,-1.6440093085897405,-0.2088800055789761,3.1199999302625656,-1
18:09:15.491612,18,-0.1279748551089979,0.1944966651227758,1.900992476061268,-1.5307600408850703,3.999999910593033,-1
18:09:15.491612,18,0.0050573861232571,0.2461845729739279,1.9418916102806667,-1.878800050180871,3.519999921321869,-1
18:09:15.491612,18,1.1949474557395954,1.2924471617844775,-0.0720239324586007,-0.5566400148672983,6.359999857842922,-1
18:09:15.491612,18,1.2590243153169351,1.2985422578132515,-0.1138047481565869,-0.5566400148672983,6.8799998462200165,-1
18:09:15.491612,18,1.306007538329857,1.3155386878996065,-0.1585065675117229,-0.5566400148672983,3.519999921321869,-1
18:09:15.491612,18,0.9241307245364871,1.4330365072105329,1.524422316373953,-0.0697200018621515,4.639999896287918,0
18:09:15.491612,18,0.9582991435958788,1.5050214672014577,1.577749240388295,-0.2088800055789761,4.119999907910824,0
18:09:15.491612,18,1.0957574223829445,1.4036634037824998,1.1810707691705964,-0.0697200018621515,24.119999460875988,0
18:09:15.491612,18,1.1312355443640068,1.5241075066260408,1.29932646490743,-0.0697200018621515,39.99999910593033,0
18:09:15.491612,18,1.2108147998921437,1.611254194795004,1.460305546001923,-0.0697200018621515,44.23999901115894,0
18:09:15.491612,18,1.1238433405441393,1.272509978705738,1.154213144895042,-0.0697200018621515,8.359999813139439,0
18:09:15.491612,18,1.2662606847408582,1.6664057005518664,1.5089792051657172,-0.0697200018621515,36.51999918371439,0
18:09:15.491612,18,1.374173317082385,1.6696811306750932,1.529700008811993,-0.0697200018621515,14.239999681711195,0
18:09:15.491612,18,1.532929743814179,1.5921888225672318,1.455596006149656,-0.0697200018621515,3.759999915957451,0
18:09:15.545333,19,-0.0878128894282611,0.0579345655340642,1.7699098249660188,3.827040102216415,3.879999913275242,-1
18:09:15.545333,19,0.0980094265714927,0.211869895307258,2.0975413032830077,0.6958000185841229,4.119999907910824,-1
18:09:15.545333,19,1.2207892874258934,1.2502000363343555,-0.0828527671249936,-0.3480400092958007,3.999999910593033,-1
18:09:15.545333,19,1.2823483823687196,1.1212073564232086,-0.1995457315896285,-0.2088800055789761,2.999999932944774,-1
18:09:15.545333,19,0.9174237849902434,1.342829244251197,1.4813551346839111,-0.0697200018621515,3.879999913275242,0
18:09:15.545333,19,0.9955128870115908,1.3643745438588892,1.4696967319945038,-0.0697200018621515,13.999999687075617,0
18:09:15.545333,19,1.20183904018762,1.5395537766741985,1.101789227563515,0.1391600037168245,20.359999544918537,0
18:09:15.545333,19,1.2371995794558448,1.5848505676380982,1.0753620470278211,0.1391600037168245,10.87999975681305,0
18:09:15.545333,19,1.041489531709044,1.3778511164695275,1.3847371086026412,-0.1391600037168245,18.879999577999115,0
18:09:15.545333,19,1.1879354353222928,1.4349379972445064,1.0601888439009723,0.1391600037168245,25.63999942690134,0
18:09:15.545333,19,1.0994063191967731,1.36859713250143,1.2817322654619034,-0.1391600037168245,15.639999650418758,0
18:09:15.545333,19,1.131162465202414,1.337088164206025,1.1200755240421,0.0697200018621515,16.639999628067017,0
18:09:15.545333,19,1.2002942579295166,1.308662427501123,1.0303416598647763,0.1391600037168245,27.519999384880062,0
18:09:15.600988,20,-0.1259364701853003,0.2183841225951668,2.0213865975820133,-0.2088800055789761,2.999999932944774,-1
18:09:15.600988,20,-1.8711456222718068,6.585053884123017,0.4534822519600316,-1.3221600353135727,2.999999932944774,-1
18:09:15.600988,20,0.0567062961437803,0.1428884546619805,1.7990614731255006,4.174800111504737,4.359999902546406,-1
18:09:15.600988,20,1.7236712422418057,5.721861155805741,-1.680366843658815,0.0697200018621515,3.2399999275803566,-1
18:09:15.600988,20,1.32333060240821,1.1764549799357429,-0.0630928388171976,0.0697200018621515,4.119999907910824,-1
18:09:15.600988,20,1.126263119879538,1.4480178016353735,0.7622014315037478,0.5566400148672983,6.8799998462200165,-1
18:09:15.600988,20,1.421383482734272,1.1501987592694634,-0.0967204259033973,0.0697200018621515,3.519999921321869,-1
18:09:15.600988,20,1.1552857561805805,1.351577493982955,0.7917042577097058,0.2783200074336491,11.759999737143517,-1
18:09:15.600988,20,1.010014240878222,1.3546885111175562,1.4722920966454054,-0.0697200018621515,8.759999804198742,0
18:09:15.600988,20,1.071082127914951,1.3574445614434576,1.390205028542178,-0.0697200018621515,14.999999664723871,0
18:09:15.600988,20,1.2134591241019537,1.2441350669190618,0.8453885705768136,-0.1391600037168245,16.99999962002039,-1
18:09:15.600988,20,1.1164019121943651,1.3652977573130607,1.3019529324006052,-0.0697200018621515,13.119999706745148,0
18:09:15.600988,20,1.1727448117861796,1.3488718672538886,1.195752117135498,-0.0697200018621515,8.639999806880951,0
18:09:15.600988,20,1.2415421256608197,1.3687139487104452,1.1761455054558658,-0.0697200018621515,12.879999712109566,0
18:09:15.654683,21,-0.0982459667030651,0.2324793129630521,2.0176098027057754,-0.0697200018621515,3.359999924898148,-1
18:09:15.654683,21,1.0662776320170977,1.6023669799735831,0.7847688994891604,0.7655200204462744,4.119999907910824,0
18:09:15.654683,21,1.090490800679607,1.5270199196765222,0.8267952251335833,0.7655200204462744,11.519999742507936,0
18:09:15.654683,21,1.110672935680149,1.4519328033505392,0.8687518990008782,-0.1391600037168245,16.99999962002039,0
18:09:15.654683,21,1.1747178737490749,1.3439158124795807,0.9195321061593578,-0.0697200018621515,20.51999954134226,0
18:09:15.654683,21,1.1182629574922385,1.2517067249524545,0.9879137400685944,-0.1391600037168245,17.759999603033066,0
18:09:15.654683,21,1.1519979960917068,1.2395208537463127,0.8909329950385321,-0.1391600037168245,26.6399994045496,0
18:09:15.654683,21,1.040105050894884,1.2673422384885156,1.3323095823366318,-0.1391600037168245,8.119999818503857,0
18:09:15.654683,21,1.1202203359357243,1.3162347062404662,1.2187871600494846,-0.0697200018621515,12.519999720156193,0
18:09:15.654683,21,1.097054904290796,1.2618145758214308,1.247658932024457,-0.1391600037168245,13.519999697804453,0
18:09:15.708990,22,-0.2328450901175322,0.0972662201162044,1.9817941626670663,2.7832000743364915,3.999999910593033,-1
18:09:15.708990,22,-0.0777222853749099,0.2212152291593785,2.0950372286243324,-2.017960053897696,3.879999913275242,-1
18:09:15.708990,22,0.0806349194365414,0.1116218799888848,1.7877558675587513,3.270400087349117,4.519999898970127,-1
18:09:15.708990,22,0.994978292113918,1.6325668260836932,0.8854986667490299,0.8349600223009475,3.519999921321869,-1
18:09:15.708990,22,1.097054904290796,1.2618145758214308,1.247658932024457,-0.0697200018621515,12.879999712109566,-1
18:09:15.708990,22,1.1441407779401849,1.3360881937668307,1.2904430093426322,-0.0697200018621515,12.11999972909689,-1
18:09:15.708990,22,1.0862918314351,1.197561283926685,1.279165491675891,-0.0697200018621515,5.879999868571758,-1
18:09:15.708990,22,1.2027295521043897,1.325925782514505,1.2019005020108722,-0.1391600037168245,7.879999823868275,-1
18:09:15.708990,22,1.2339212518894542,1.1598451110485632,0.8928691974848664,-0.0697200018621515,8.879999801516533,-1
18:09:15.708990,22,1.320783359414363,1.1691476448801086,0.8855011146151659,-0.0697200018621515,5.879999868571758,-1
18:09:15.763403,23,-0.2017976899812383,0.151393809516334,2.0191471365717404,-2.2962800613313448,3.759999915957451,-1
18:09:15.763403,23,0.0,0.2011333778580824,1.846525668621992,3.827040102216415,4.119999907910824,-1
18:09:15.763403,23,1.6287040199077285,6.700500699817432,0.1306421727793623,0.0697200018621515,3.1199999302625656,-1
18:09:15.763403,23,2.49060688292487,6.397709000957114,3.73604259958392,0.4872000130126253,3.2399999275803566,-1
18:09:15.763403,23,3.2171768255426447,5.7385996700721,4.444194108779604,0.4872000130126253,3.359999924898148,-1
18:09:15.763403,23,0.9837071373294528,1.6516444311669864,1.3691815694451592,0.0697200018621515,3.2399999275803566,0
18:09:15.763403,23,0.9516829645172236,1.4264175971801991,1.1892637434024569,-0.0697200018621515,5.759999871253967,0
18:09:15.763403,23,0.9748369742135752,1.516268982241428,1.2304406376821264,-0.0697200018621515,6.6399998515844345,0
18:09:15.763403,23,0.9581948104025284,1.3913098267865855,1.2873694922673955,-0.1391600037168245,2.999999932944774,0
18:09:15.763403,23,0.1466497999639688,0.176153218527596,2.107111557982441,1.0438400278799236,3.63999991863966,-1
18:09:15.763403,23,1.2776695958396902,1.5631739580775426,1.473188606602264,0.0697200018621515,5.519999876618385,0
18:09:15.763403,23,1.3295617056323483,1.5710095971883724,1.3790168939738667,0.0697200018621515,6.7599998489022255,-1
18:09:15.763403,23,1.374704603856972,1.4838804851823928,1.1024168990815313,-0.0697200018621515,3.999999910593033,-1
18:09:15.819412,24,-0.1316980451562855,0.1896076006955437,2.10350646714588,1.4613200390303973,3.519999921321869,-1
18:09:15.819412,24,-2.7071081531661245,5.281461085784256,5.746140946088556,-0.2783200074336491,2.999999932944774,-1
18:09:15.819412,24,1.2655079798930302,3.786571974245877,-3.848761343263481,-3.6878800984995914,2.999999932944774,-1
18:09:15.819412,24,2.9321931996584545,6.214004556816387,3.4297650678678213,-2.992080079915468,3.359999924898148,-1
18:09:15.819412,24,1.0800250044715436,1.4141717133094345,1.1782550761190382,0.0697200018621515,6.11999986320734,0
18:09:15.819412,24,1.0861917543569404,1.3865738871199675,1.2962520106007849,0.0697200018621515,8.51999980956316,0
18:09:15.819412,24,1.1472449602614527,1.437956455354699,1.1575920317186312,0.0697200018621515,5.759999871253967,0
18:09:15.819412,24,1.0696282936108066,1.3508162819349492,1.3731720688154048,0.0697200018621515,8.639999806880951,0
18:09:15.819412,24,1.0482646187848088,1.300559688596022,1.4139358861041122,0.0697200018621515,4.8799998909235,0
18:09:15.819412,24,1.2259167850259427,1.4937492335016451,1.213028636376434,0.0697200018621515,5.359999880194664,0
18:09:15.819412,24,1.288270529070048,1.5592524612399243,1.27163449590288,0.0697200018621515,3.2399999275803566,0
18:09:15.819412,24,0.1792341238026593,0.0758277247347192,1.838338962310712,-1.8090800483187195,5.239999882876873,-1
18:09:15.874726,25,-0.1914878234797526,0.1652711727653849,2.005182566185805,-2.574600068764994,3.359999924898148,-1
18:09:15.874726,25,-4.281575564120248,5.303031448956715,3.67385957644529,0.974120026017772,3.359999924898148,-1
18:09:15.874726,25,-0.4673760923827606,1.239211303419992,3.612264741692188,-0.2088800055789761,3.1199999302625656,-1
18:09:15.874726,25,0.018377849631582,0.1941247119147253,1.838795605061547,0.2088800055789761,4.239999905228615,-1
18:09:15.874726,25,0.9200007326305608,1.3643403595316106,1.5461020906490153,-0.0697200018621515,7.879999823868275,-1
18:09:15.874726,25,0.9683936739571812,1.4002450923621417,1.5149095612681442,-0.0697200018621515,16.359999634325504,0
18:09:15.874726,25,1.015959395713976,1.4230093833754054,1.4481002170388848,-0.0697200018621515,16.239999637007713,0
18:09:15.874726,25,1.0451721567507144,1.3685358149079945,1.204773120218768,-0.0697200018621515,9.759999781847,0
18:09:15.874726,25,1.0726711608591195,1.3325491500481643,1.043292255545357,-0.0697200018621515,6.7599998489022255,0
18:09:15.874726,25,1.1360681732669091,1.4024896451947897,1.0857173018278878,-0.0697200018621515,3.879999913275242,0
18:09:15.874726,25,0.1671643703455834,0.1823200444866632,2.0531458441072736,0.974120026017772,4.759999893605709,-1
18:09:15.928715,26,-0.0909357579253037,0.2336528198633373,1.9661465839095928,-1.3221600353135727,4.239999905228615,-1
18:09:15.928715,26,-0.5281908823235865,1.2007250219673624,3.622577109727097,0.2783200074336491,2.999999932944774,-1
18:09:15.928715,26,0.0713843307507059,0.1903594028634641,1.849412546521073,-1.2524400334514212,3.999999910593033,-1
18:09:15.928715,26,0.920967708394212,1.3790430808495322,1.5951445467120973,-0.0697200018621515,10.239999771118164,0
18:09:15.928715,26,0.9540898048853256,1.414893685682972,1.529283670750685,-0.0697200018621515,19.759999558329586,0
18:09:15.928715,26,1.015959395713976,1.4230093833754054,1.4481002170388848,-0.0697200018621515,20.239999547600743,0
18:09:15.928715,26,1.0619485510190343,1.4357150901595266,1.3607439017606335,-0.0697200018621515,11.639999739825726,0
18:09:15.928715,26,1.1204296771347777,1.4251332116108406,1.2548603938241802,-0.0697200018621515,4.119999907910824,0
18:09:15.928715,26,1.765704854140836,1.5039154060193496,1.3734765623599303,0.0697200018621515,5.759999871253967,-1
18:09:15.928715,26,1.8121901120073949,1.5435086003713678,1.356982240848699,0.0697200018621515,4.519999898970127,-1
18:09:15.928715,26,1.74278957352426,1.4003399516580826,1.3108024288078166,0.0697200018621515,3.519999921321869,-1
18:09:15.928715,26,0.2260630946113191,0.0731274179202034,1.9130697746258156,2.4354400650481693,4.519999898970127,-1
18:09:15.984408,27,0.0794858809489398,0.2284108326145238,1.925706713932955,-0.2783200074336491,3.999999910593033,-1
18:09:15.984408,27,0.9343077835641306,1.3553846626723551,1.5485017623901105,-0.0697200018621515,14.119999684393406,0
18:09:15.984408,27,0.9689269794108976,1.4056061506126167,1.5317722582724624,-0.0697200018621515,23.35999947786331,0
18:09:15.984408,27,1.0035461752576644,1.4558276385528783,1.5150427541548142,-0.0697200018621515,19.999999552965164,0
18:09:15.984408,27,1.0666510766497586,1.4618711572175391,1.431801879062604,-0.0697200018621515,11.639999739825726,0
18:09:15.984408,27,1.1204296771347777,1.4251332116108406,1.2548603938241802,0.0697200018621515,5.239999882876873,0
18:09:15.984408,27,0.9540280522514664,1.2695432045257546,1.5747626731977769,-0.0697200018621515,3.63999991863966,0
18:09:15.984408,27,4.417213379579561,5.441100119672763,1.627853270182935,-1.669920044601895,3.519999921321869,-1
18:09:15.984408,27,4.550700371889451,4.107169833761234,-1.5454095808097317,-1.7396400464640465,3.2399999275803566,-1
18:09:15.984408,27,4.575671832160659,0.1040357147704598,-3.4860084718611457,1.0438400278799236,2.999999932944774,-1
18:09:15.984408,27,1.4802998432094383,1.389770078577539,1.5196520360787136,0.0697200018621515,2.999999932944774,-1
18:09:15.984408,27,1.555090510252614,1.4021454043935238,1.513063380538883,0.0697200018621515,3.1199999302625656,-1
18:09:16.038752,28,-0.1101165717156112,0.160498714724364,1.838372312749465,2.992080079915468,3.879999913275242,-1
18:09:16.038752,28,0.0547699386746631,0.1513379057579746,2.1952078332928595,-0.4174800111504737,4.239999905228615,-1
18:09:16.038752,28,1.980080410031025,1.362019222713064,-4.593938348841658,1.3221600353135727,2.999999932944774,-1
18:09:16.038752,28,1.254412419674786,3.385769550906811,1.358331963100809,-0.0697200018621515,2.999999932944774,-1
18:09:16.038752,28,1.266487128835616,3.3153036959471343,1.372633289053098,-0.0697200018621515,3.759999915957451,-1
18:09:16.038752,28,0.9097397276932564,1.4797052928761558,1.658486846103251,-0.0697200018621515,5.359999880194664,-1
18:09:16.038752,28,0.8918256521967628,1.4182923066858797,1.6729782642082114,-0.0697200018621515,4.999999888241291,-1
18:09:16.038752,28,1.3913521591795728,1.382604417036124,1.503930300760027,0.0697200018621515,3.999999910593033,-1
18:09:16.038752,28,1.4791580450799957,1.475432147537193,1.4934262568976295,0.0697200018621515,12.519999720156193,-1
18:09:16.038752,28,1.4655586934919058,1.4039976010283808,1.515839782927715,0.0697200018621515,10.639999762177467,-1
18:09:16.095355,29,-4.55776780517351,4.511803155663909,5.148693382591194,-1.669920044601895,3.359999924898148,-1
18:09:16.095355,29,-4.357123517927512,5.029832763283068,4.421549924469392,-0.904680024163099,3.359999924898148,-1
18:09:16.095355,29,-3.790370752294294,4.632635871458708,-1.664370639574985,2.226560059469193,3.2399999275803566,-1
18:09:16.095355,29,-0.5281908823235865,1.2007250219673624,3.622577109727097,0.2088800055789761,2.999999932944774,-1
18:09:16.095355,29,0.7069350095927516,6.787363271921592,0.1080196298712761,0.2088800055789761,3.519999921321869,-1
18:09:16.095355,29,0.7017362182635057,6.424592827170166,-1.045662224206656,-0.4872000130126253,3.1199999302625656,-1
18:09:16.095355,29,0.7701049021003414,6.789590578391914,0.398676809908149,0.2088800055789761,3.1199999302625656,-1
18:09:16.095355,29,0.8759517917550048,3.3044496765194413,1.0779194464069957,-0.0697200018621515,3.759999915957451,-1
18:09:16.095355,29,0.8915993101701722,3.3634785382125445,1.061447909299107,-0.0697200018621515,4.119999907910824,-1
18:09:16.095355,29,0.0730776974140318,0.1840358869993448,2.1574784065119927,1.948240052035544,3.519999921321869,-1
18:09:16.095355,29,0.9090118145961564,1.4418899794007856,1.5220500356503637,0.0697200018621515,3.999999910593033,-1
18:09:16.095355,29,0.9854109606207448,1.4423417805123429,1.4429201168382846,0.0697200018621515,3.1199999302625656,-1
18:09:16.095355,29,1.162771158058496,1.2677515669849009,1.060654715598647,0.0697200018621515,6.359999857842922,-1
18:09:16.095355,29,1.198795855413697,1.357377521769545,1.097805058868535,0.0697200018621515,6.359999857842922,-1
18:09:16.095355,29,1.1382366728707751,1.1684128368198043,1.0320694118139522,0.0697200018621515,3.359999924898148,-1
18:09:16.095355,29,1.2608273974877815,1.4778396581673183,1.2385626210575664,0.0697200018621515,4.119999907910824,-1
18:09:16.149079,30,-0.3878042235153052,1.3823843374855806,3.513969646742257,0.2088800055789761,3.759999915957451,-1
18:09:16.149079,30,-0.0025237620311911,0.2483485150167431,1.9517749878722952,-1.4613200390303973,4.119999907910824,-1
18:09:16.149079,30,0.9504557264856937,1.3607842319633745,1.2211400925860374,0.0697200018621515,6.239999860525131,0
18:09:16.149079,30,1.0380556246732324,1.2895472450784975,1.074165604951865,0.0697200018621515,19.879999555647373,0
18:09:16.149079,30,1.0726711608591195,1.3325491500481643,1.043292255545357,0.0697200018621515,26.99999939650297,0
18:09:16.149079,30,1.1182243226425668,1.3008031318174986,1.0517985754931676,0.0697200018621515,29.11999934911728,0
18:09:16.149079,30,1.198795855413697,1.357377521769545,1.097805058868535,0.0697200018621515,19.63999956101179,0
18:09:16.149079,30,1.3169279262856797,1.4712508180316397,1.325756326712098,0.0697200018621515,6.999999843537808,0
18:09:16.149079,30,1.4652797005575495,1.5137114966343277,1.5721467475840871,0.0697200018621515,3.519999921321869,-1
18:09:16.204275,31,-0.3878042235153052,1.3823843374855806,3.513969646742257,-0.2088800055789761,3.1199999302625656,-1
18:09:16.204275,31,-0.0428009952606596,0.2401896180176929,1.9330221806734451,-3.896480104071088,3.519999921321869,-1
18:09:16.204275,31,1.207212734222652,6.700658730477494,-0.165108563309225,-0.2783200074336491,2.999999932944774,-1
18:09:16.204275,31,1.2662135391548777,6.629678092079613,-0.1428295971520925,-0.2783200074336491,3.359999924898148,-1
18:09:16.204275,31,1.8034437754940251,6.602800935620227,0.4487269438433205,0.4174800111504737,3.1199999302625656,-1
18:09:16.204275,31,0.0928987958237546,0.1832140126071652,2.147686984529466,-0.1391600037168245,3.519999921321869,-1
18:09:16.204275,31,0.905103231710008,1.367978122379471,1.527481986121116,-0.0697200018621515,8.359999813139439,0
18:09:16.204275,31,1.0770151095684009,1.3459943630360784,0.9408123019020832,0.0697200018621515,5.879999868571758,0
18:09:16.204275,31,0.951417372805494,1.39258551238177,1.462137625761098,-0.0697200018621515,16.119999639689922,0
18:09:16.204275,31,1.015959395713976,1.4230093833754054,1.4481002170388848,-0.0697200018621515,12.879999712109566,0
18:09:16.204275,31,1.0736363055680611,1.2834672879226596,0.97940352286957,0.0697200018621515,8.359999813139439,0
18:09:16.204275,31,1.0842729541354026,1.3791435811851338,1.2789063530540887,-0.0697200018621515,6.519999854266644,0
18:09:16.258886,32,-0.0900217744105842,0.1949220946176152,2.1338299788626607,-1.5307600408850703,3.519999921321869,-1
18:09:16.258886,32,1.1153967196127998,6.803179793042659,0.6852861136482098,-1.669920044601895,3.359999924898148,-1
18:09:16.258886,32,0.0912707801984951,0.1377504425498156,2.1915814874663435,-1.5307600408850703,3.759999915957451,-1
18:09:16.258886,32,0.8626407089784979,1.462172899206067,1.498316055435284,-0.1391600037168245,23.23999948054552,0
18:09:16.258886,32,0.8912984399625248,1.4281887946980494,1.4525977550165536,-0.1391600037168245,26.359999410808086,0
18:09:16.258886,32,0.9064656472208908,1.4195061887300249,1.4549242522738837,-0.1391600037168245,28.999999351799488,0
18:09:16.258886,32,0.8886160430484233,1.360274830516756,1.4766806039325675,-0.1391600037168245,21.87999951094389,0
18:09:16.258886,32,0.9215422086739729,1.4106775153616211,1.4572898881731855,-0.1391600037168245,30.35999932140112,0
18:09:16.258886,32,0.8697357762005664,1.3017375019643371,1.4982277286232384,-0.1391600037168245,5.359999880194664,0
18:09:16.258886,32,0.936526616678256,1.4017036574527786,1.4596944261528515,-0.1391600037168245,30.23999932408333,0
18:09:16.258886,32,0.9699881664621282,1.451785711588572,1.4403896231330338,-0.1391600037168245,17.639999605715275,0
18:09:16.258886,32,0.951417372805494,1.39258551238177,1.462137625761098,-0.1391600037168245,28.759999357163903,0
18:09:16.258886,32,1.0222679493948543,1.5160003379856957,1.4956468309540245,-0.1391600037168245,3.2399999275803566,0
18:09:16.258886,32,0.9809119826903004,1.3739200223181411,1.4671390287499784,-0.1391600037168245,26.119999416172504,0
18:09:16.314408,33,0.1092035989416424,0.1583252651881326,2.1643675468632093,-0.6263600167294499,4.119999907910824,-1
18:09:16.314408,33,1.2281442458809368,0.9299710036632184,-0.1629832554897108,-1.0438400278799236,3.2399999275803566,-1
18:09:16.314408,33,1.2271175243437522,0.8843862683681938,-0.1051850775200766,-1.0438400278799236,4.119999907910824,-1
18:09:16.314408,33,0.8437186185794002,1.3340605644274206,1.5404811648602312,-0.2088800055789761,5.239999882876873,0
18:09:16.314408,33,0.8760509014081728,1.385183323283216,1.5228718664333425,-0.2088800055789761,17.11999961733818,0
18:09:16.314408,33,0.9085114869465836,1.4365089502297088,1.5051926898380927,-0.1391600037168245,19.759999558329586,0
18:09:16.314408,33,0.954468374299522,1.4610802002064862,1.4378991724138035,-0.0697200018621515,12.23999972641468,0
18:09:16.314408,33,1.0231516645730814,1.2995021945841276,1.0714981842711389,-0.2088800055789761,11.879999734461308,-1
18:09:16.314408,33,1.0575901723015522,1.2427673093663345,0.914351434784736,-0.2783200074336491,8.51999980956316,-1
18:09:16.314408,33,1.0873040614919685,1.2720451981397904,0.8628052747580706,-0.2783200074336491,3.1199999302625656,-1
18:09:16.314408,33,1.2520664939030697,1.520886596363369,1.3124564599924209,0.0697200018621515,3.759999915957451,0
18:09:16.314408,33,1.379301925007402,1.5317582340584297,1.3895342650263556,0.0697200018621515,4.519999898970127,-1
18:09:16.373216,34,-2.489961407357287,6.694166711995358,2.179190738580788,-0.2088800055789761,3.519999921321869,-1
18:09:16.373216,34,-1.517582585352032,6.9013556070685285,1.535370152497152,-0.2088800055789761,3.359999924898148,-1
18:09:16.373216,34,-0.8027507138555012,6.785830533738929,3.601228590905775,0.7655200204462744,3.359999924898148,-1
18:09:16.373216,34,0.0521845516040667,0.2431711394446967,2.046406633098936,-2.574600068764994,3.63999991863966,-1
18:09:16.373216,34,1.1385004774596164,0.9985716813654038,-0.1813647516802388,-0.2783200074336491,3.519999921321869,-1
18:09:16.373216,34,1.1298920185550825,0.9343959374229872,-0.1377579281518071,-0.6958000185841229,5.639999873936176,-1
18:09:16.373216,34,0.8289633438795562,1.455449204401421,1.427049087525894,-0.2088800055789761,20.239999547600743,0
18:09:16.373216,34,0.8444631025235221,1.4473671081162771,1.4292146786986486,-0.2088800055789761,24.63999944925308,0
18:09:16.373216,34,1.2123025205077291,0.8221190117781185,-0.061621821968298,-0.6958000185841229,4.359999902546406,-1
18:09:16.373216,34,0.7993152273666726,1.3420503866741755,1.4874259237206684,-0.2088800055789761,6.11999986320734,0
18:09:16.373216,34,0.8291554613015055,1.3877162229949522,1.4517352991197403,-0.2088800055789761,22.63999949395657,0
18:09:16.373216,34,0.8721799123655506,1.4119938574445732,1.3840771905519096,-0.2783200074336491,29.759999334812164,0
18:09:16.373216,34,0.9033423919346064,1.4624435744243047,1.3620706278078951,-0.2088800055789761,23.23999948054552,0
18:09:16.373216,34,0.8586343043921744,1.371412882670773,1.456103765993534,-0.2088800055789761,24.23999945819378,0
18:09:16.373216,34,0.8873689883824326,1.403495818188154,1.386354233307915,-0.2783200074336491,34.99999921768904,0
18:09:16.373216,34,0.9190741647785284,1.4536419051817429,1.3644290279734852,-0.2088800055789761,27.239999391138557,0
18:09:16.373216,34,0.8702246255118558,1.3450142608431443,1.4105129211915417,-0.2783200074336491,24.63999944925308,0
18:09:16.373216,34,0.9024693282439148,1.3948514910706364,1.3886704737781643,-0.2783200074336491,39.35999912023544,0
18:09:16.373216,34,0.9334452960327038,1.4379420208495937,1.349826797433261,-0.2088800055789761,30.879999309778214,0
18:09:16.373216,34,0.8846984173038986,1.3365385629506312,1.4127839775971307,-0.2783200074336491,23.87999946624041,0
18:09:16.373216,34,0.9174794219286624,1.3860617405174898,1.391025680340551,-0.2783200074336491,41.11999908089638,0
18:09:16.373216,34,0.948970589695926,1.428850574691417,1.3522628430893755,-0.2088800055789761,33.359999254345894,0
18:09:16.373216,34,0.9912495263872352,1.4393056525538348,1.2627859746158618,-0.2088800055789761,20.239999547600743,0
18:09:16.373216,34,1.0277524858567322,1.26291084367347,0.9089539910344304,-0.2088800055789761,12.23999972641468,-1
18:09:16.373216,34,1.0535405027338027,1.2377263526836786,0.7951652244655036,-0.3480400092958007,5.239999882876873,-1
18:09:16.373216,34,0.8990837399954122,1.3279234850797146,1.415092380755374,-0.2783200074336491,22.11999950557947,0
18:09:16.373216,34,0.9311321774776796,1.370637542804604,1.37699843137128,-0.2783200074336491,39.63999911397696,0
18:09:16.373216,34,0.9644009870952271,1.419609622783359,1.3547389486904344,-0.2783200074336491,33.7599992454052,0
18:09:16.373216,34,0.9275832329866696,1.3102786492566787,1.4198203002647365,-0.2783200074336491,19.759999558329586,0
18:09:16.373216,34,0.960647553838612,1.3523637450811312,1.3818948807139342,-0.2783200074336491,35.51999920606613,0
18:09:16.373216,34,0.9949709306386642,1.4006829129254366,1.359810345312243,-0.2783200074336491,31.87999928742647,0
18:09:16.373216,34,0.9752618816066734,1.343013942769702,1.384400152692672,-0.2783200074336491,30.23999932408333,0
18:09:16.373216,34,1.0101074198140576,1.3909990476307008,1.3624051291975792,-0.2783200074336491,28.519999362528324,0
18:09:16.373216,34,0.989778684003649,1.3335234467340904,1.386943123441185,-0.2783200074336491,24.99999944120645,0
18:09:16.373216,34,1.0203483172663284,1.360334897483374,1.3143609933156108,-0.2783200074336491,24.51999945193529,0
18:09:16.373216,34,1.004196509361462,1.3238932060159496,1.3895235386645282,-0.2783200074336491,20.359999544918537,0
18:09:16.373216,34,1.049971046059549,1.340336481895063,1.3197195526224008,-0.2783200074336491,20.51999954134226,0
18:09:16.373216,34,1.1984106535713972,1.129752110740486,0.7190024444821819,-0.3480400092958007,4.239999905228615,-1
18:09:16.373216,34,4.101298500599757,5.612635329363515,3.351044885386566,-0.0697200018621515,3.1199999302625656,-1
18:09:16.373216,34,1.3500585094426285,1.5848030159711457,1.4641204210252614,0.0697200018621515,5.639999873936176,-1
18:09:16.373216,34,1.4573946787595324,1.5764206070974598,1.463093783732227,0.0697200018621515,3.519999921321869,-1
18:09:16.426194,35,-2.2591178838659816,4.560810897911799,-2.832310842841036,-0.6958000185841229,3.1199999302625656,-1
18:09:16.426194,35,-0.0710873376681599,0.2398586298818258,2.037728426617011,-2.574600068764994,4.119999907910824,-1
18:09:16.426194,35,0.9406070011245056,3.2004883056295363,0.8129680592305977,-0.2783200074336491,3.1199999302625656,-1
18:09:16.426194,35,0.9919547628544764,3.248245274279888,0.7942862609889374,-0.2783200074336491,3.2399999275803566,-1
18:09:16.426194,35,2.538406837760685,5.107084271953764,6.090234553998766,2.0874000557523686,3.1199999302625656,-1
18:09:16.426194,35,0.9852179952926832,1.1818051150733253,-0.0862509131408328,-0.3480400092958007,3.359999924898148,-1
18:09:16.426194,35,0.8011192348880952,1.357894221886612,1.534094955591361,-0.2783200074336491,7.879999823868275,-1
18:09:16.426194,35,0.831819059582712,1.4099303143311717,1.5162409301669424,-0.2783200074336491,16.519999630749226,-1
18:09:16.426194,35,0.9241307245364871,1.4330365072105329,1.524422316373953,-0.2783200074336491,11.879999734461308,-1
18:09:16.426194,35,3.677775342716717,4.826873522601462,5.650055826844898,-0.8349600223009475,2.999999932944774,-1
18:09:16.426194,35,1.0380556246732324,1.2895472450784975,1.074165604951865,-0.2783200074336491,22.75999949127436,-1
18:09:16.426194,35,1.0736363055680611,1.2834672879226596,0.97940352286957,-0.2783200074336491,11.359999746084211,-1
18:09:16.426194,35,1.117545155832067,1.250747280659671,0.8685120345473332,-0.2783200074336491,4.239999905228615,-1
18:09:16.426194,35,1.0319515583114325,1.226884311593758,1.1103071110713525,-0.2783200074336491,17.11999961733818,-1
18:09:16.426194,35,1.2740908077655868,1.537173163868276,1.393968696015576,0.1391600037168245,6.7599998489022255,-1
18:09:16.426194,35,1.3956083371618178,1.518356335235992,1.3931252929928712,0.1391600037168245,9.239999793469906,-1
18:09:16.426194,35,0.16628530451867,0.0792590043981505,1.8265750484979857,4.105360109650064,3.519999921321869,-1
18:09:16.426194,35,1.4698096597407229,1.5349540820069976,1.382792583090564,0.1391600037168245,6.7599998489022255,-1
18:09:16.426194,35,5.024343037696173,3.452209991108096,5.72587014209513,-2.017960053897696,2.999999932944774,-1
18:09:16.480645,36,-0.0112032284116667,0.2242948453099191,2.1165131585748336,0.2783200074336491,5.119999885559082,-1
18:09:16.480645,36,-0.2028891216813766,7.015074488144848,2.0583409944709605,3.270400087349117,2.999999932944774,-1
18:09:16.480645,36,-0.1843361981574303,5.0226939013464165,-2.9886083383241155,-0.2088800055789761,2.999999932944774,-1
18:09:16.480645,36,1.301064122577094,1.0587050835291003,-0.1396209850617991,0.0697200018621515,3.2399999275803566,-1
18:09:16.480645,36,0.8381073721977099,1.2953740157153657,1.4322690348206764,-0.3480400092958007,6.6399998515844345,-1
18:09:16.480645,36,0.8690434253219664,1.3387330404091935,1.3946846704219125,-0.3480400092958007,13.23999970406294,-1
18:09:16.480645,36,1.3542259119664275,0.8176481667405764,-0.132886442044716,0.0697200018621515,3.1199999302625656,-1
18:09:16.480645,36,0.9251400944178216,1.343314001019336,1.3119530099189294,-0.3480400092958007,9.879999779164793,-1
18:09:16.480645,36,1.0535405027338027,1.2377263526836786,0.7951652244655036,-0.3480400092958007,4.519999898970127,-1
18:09:16.480645,36,1.0385066285193578,1.2423818482323947,0.8956487467130567,-0.3480400092958007,13.639999695122242,-1
18:09:16.480645,36,1.020340692124302,1.1515641403717332,0.8907363672847497,-0.2783200074336491,15.87999964505434,-1
18:09:16.480645,36,1.008596859496976,1.0837127875334596,0.9183246612334264,-0.2783200074336491,5.119999885559082,-1
18:09:16.480645,36,0.1499011318150235,0.1411595107123315,1.8529875879506803,1.4613200390303973,4.359999902546406,-1
18:09:16.480645,36,4.856046780190571,4.41629807116954,-0.4841414526427763,0.0697200018621515,2.999999932944774,-1
18:09:16.480645,36,1.84132125577451,1.755576095851752,1.5027583026838267,0.6263600167294499,2.999999932944774,-1
18:09:16.537377,37,-0.1850044082827873,0.172545413928591,2.0032334391405744,-4.174800111504737,4.119999907910824,-1
18:09:16.537377,37,0.1395073503121765,6.936196941546052,0.9390817991714716,-0.1391600037168245,3.1199999302625656,-1
18:09:16.537377,37,0.8749008248324208,3.263836397538985,0.9422513199015972,-0.2783200074336491,3.879999913275242,-1
18:09:16.537377,37,0.1105168719825318,0.1063530935853425,1.7987935225382818,-0.7655200204462744,4.119999907910824,-1
18:09:16.537377,37,0.7130025764435336,1.3190428303642694,1.499476136912561,-0.4174800111504737,3.63999991863966,0
18:09:16.537377,37,0.7698436589961816,1.3516500449292108,1.467910577541347,-0.4174800111504737,12.759999714791777,0
18:09:16.537377,37,0.7965795894003795,1.38527287846838,1.3997256571104664,-0.4174800111504737,19.759999558329586,0
18:09:16.537377,37,0.8854970051580316,1.3195672125486944,1.0854728026083036,-0.4174800111504737,22.75999949127436,0
18:09:16.537377,37,0.8752598394969466,1.347417079215621,1.2569167017114178,-0.3480400092958007,21.119999527931213,0
18:09:16.537377,37,0.9005654895194078,1.3109411214024156,1.087784156764786,-0.4174800111504737,24.879999443888664,0
18:09:16.537377,37,0.9346536042426772,1.3088002858772902,0.9944527082115336,-0.4174800111504737,19.119999572634697,0
18:09:16.537377,37,0.9155439180863268,1.302169913604084,1.0901343948109947,-0.4174800111504737,25.999999418854717,0
18:09:16.537377,37,0.9498512054125668,1.299698750907416,0.996891457156595,-0.4174800111504737,21.51999951899052,0
18:09:16.537377,37,1.0098254940097386,1.3226975399866514,0.849233020665459,-0.4174800111504737,5.359999880194664,0
18:09:16.537377,37,0.9304307930284806,1.293254466267132,1.0925232817250934,-0.4174800111504737,25.87999942153692,0
18:09:16.537377,37,0.964953822257701,1.290450875905696,0.99936941779501,-0.4174800111504737,23.35999947786331,0
18:09:16.537377,37,0.9599239366425564,1.2749944334611014,1.0974160427692348,-0.4174800111504737,24.51999945193529,0
18:09:16.537377,37,0.9948680716269548,1.271519819467131,1.004441979079591,-0.4174800111504737,24.23999945819378,0
18:09:16.537377,37,1.0277524858567322,1.26291084367347,0.9089539910344304,-0.4872000130126253,11.519999742507936,0
18:09:16.537377,37,0.9745272560248268,1.265651673980006,1.0999194276272726,-0.4174800111504737,22.239999502897263,0
18:09:16.537377,37,1.0096767127511994,1.2618385311200702,1.0070360724738792,-0.3480400092958007,23.87999946624041,0
18:09:16.537377,37,1.024384387050077,1.252014688731422,1.0096683631084882,-0.3480400092958007,22.239999502897263,0
18:09:16.537377,37,1.1326152536265863,1.2442650671364497,0.7661159724208515,-0.4174800111504737,4.359999902546406,0
18:09:16.537377,37,1.228234504949698,1.4432903509924075,0.7391798231779363,-0.2783200074336491,4.119999907910824,0
18:09:16.537377,37,1.0389896237684797,1.2420492746771965,1.0123385877565596,-0.3480400092958007,20.119999550282955,0
18:09:16.537377,37,1.374704603856972,1.4838804851823928,1.1024168990815313,0.1391600037168245,6.7599998489022255,-1
18:09:16.537377,37,1.351527223221244,1.4284924938689003,1.1315480086015592,0.1391600037168245,5.879999868571758,-1
18:09:16.598900,38,-0.1896976008154069,0.0982741170963185,1.8644786945371816,-0.2088800055789761,3.359999924898148,-1
18:09:16.598900,38,-2.873053315280732,6.394142671579603,1.65891073808692,-2.365720063186018,3.1199999302625656,-1
18:09:16.598900,38,-2.748418797012046,6.525938562417928,1.922753579060432,4.174800111504737,2.999999932944774,-1
18:09:16.598900,38,0.0074059508255911,0.22409182875886,1.882795007544868,-2.7832000743364915,4.639999896287918,-1
18:09:16.598900,38,1.5309009274336782,6.667224117412866,0.4314648043081397,-2.992080079915468,3.2399999275803566,-1
18:09:16.598900,38,0.6893437971691618,1.1306334287649151,-0.0799992353665435,0.1391600037168245,3.63999991863966,-1
18:09:16.598900,38,0.6959495884821467,1.0223070151694027,-0.2059882467046971,-0.3480400092958007,4.119999907910824,-1
18:09:16.598900,38,0.723446321429175,1.4402271011098269,1.437665051735011,-0.4174800111504737,26.119999416172504,0
18:09:16.598900,38,0.71151091904866,1.3802714334727968,1.4602414995948356,-0.4872000130126253,27.87999937683344,0
18:09:16.598900,38,0.7362210094562581,1.4148882603289603,1.391790239457385,-0.4174800111504737,31.119999304413795,0
18:09:16.598900,38,0.7262044940282544,1.3733277435220983,1.4621020557096176,-0.4872000130126253,33.11999925971031,0
18:09:16.598900,38,0.751424878173357,1.407703422699638,1.3937154108979102,-0.4174800111504737,36.75999917834997,0
18:09:16.598900,38,0.7382625229483941,1.3486887602613813,1.4179833920749,-0.4174800111504737,38.35999914258719,0
18:09:16.598900,38,0.766553605032183,1.4003720886655586,1.3956798359317846,-0.4174800111504737,42.11999905854464,0
18:09:16.598900,38,0.8564197487987938,1.2922640291514718,0.9071780579215848,-0.4872000130126253,8.51999980956316,1
18:09:16.598900,38,0.75275907045809,1.3414876190896008,1.419912932036461,-0.4174800111504737,42.63999904692173,0
18:09:16.598900,38,0.7805447639932662,1.3865487799667624,1.381872481621965,-0.4174800111504737,46.11999896913767,0
18:09:16.598900,38,0.8716874159667003,1.283917843081147,0.909414411739008,-0.4872000130126253,10.359999768435957,1
18:09:16.598900,38,0.9007551523894728,1.3267320271195724,0.8730471843988168,-0.4872000130126253,6.6399998515844345,1
18:09:16.598900,38,0.7112843485756468,1.2527819941395322,1.5231160315276304,-0.4872000130126253,2.999999932944774,0
18:09:16.598900,38,0.7376644323050087,1.282817869149907,1.4441220459738546,-0.4174800111504737,16.239999637007713,0
18:09:16.598900,38,0.7671803426914023,1.334146814412429,1.4218798947215037,-0.4174800111504737,44.359999008476734,0
18:09:16.598900,38,0.7954983513674886,1.3789370129630425,1.3839120484435856,-0.4174800111504737,47.8799989297986,0
18:09:16.598900,38,0.8607749877070422,1.2430304115951731,0.962857586570696,-0.5566400148672983,21.639999516308308,1
18:09:16.598900,38,0.8868679151233105,1.2754246024375735,0.9116901687105768,-0.4872000130126253,12.759999714791777,1
18:09:16.598900,38,0.9159707629921928,1.2645304160795527,0.8152803061122011,-0.4872000130126253,7.999999821186066,1
18:09:16.598900,38,0.7947111324916996,1.312967628899241,1.4106898286109293,-0.4872000130126253,43.239999033510685,0
18:09:16.598900,38,0.8251653912185712,1.3632820818315106,1.3881067745978446,-0.4872000130126253,46.51999896019697,0
18:09:16.598900,38,0.8718825157307614,1.2245422878670729,0.9502192451112668,-0.5566400148672983,25.75999942421913,1
18:09:16.598900,38,0.9052427970349324,1.2260026764091276,0.8707906216677748,-0.4872000130126253,15.999999642372131,1
18:09:16.598900,38,0.9463469490225918,1.2465412090895187,0.8201004995976571,-0.4872000130126253,9.759999781847,1
18:09:16.598900,38,0.8088787005359109,1.3052228203596936,1.4127650438046344,-0.4872000130126253,39.35999912023544,0
18:09:16.598900,38,0.8359477869707262,1.3355189630011643,1.3431669361825274,-0.4174800111504737,42.75999904423952,0
18:09:16.598900,38,0.9007966105518376,1.2074189519701546,0.9548074291365728,-0.5566400148672983,30.23999932408333,1
18:09:16.598900,38,0.9303692763661848,1.1973983900771032,0.860565487053317,-0.4872000130126253,19.879999555647373,1
18:09:16.598900,38,0.961393848255027,1.2373274519842483,0.8225693183732707,-0.4872000130126253,11.359999746084211,1
18:09:16.598900,38,0.822965381387748,1.2973415531424837,1.41487682299082,-0.4872000130126253,34.11999923735857,0
18:09:16.598900,38,0.8505058779132301,1.3273739495592396,1.3453493859566317,-0.5566400148672983,37.51999916136265,0
18:09:16.598900,38,0.8804618130620312,1.3694771254147386,1.304942621865706,-0.4174800111504737,26.6399994045496,0
18:09:16.598900,38,0.9151192602332168,1.1986486788906587,0.957157416725624,-0.5566400148672983,34.23999923467636,1
18:09:16.598900,38,0.9448375698706256,1.1883417611954326,0.8629922034483091,-0.4872000130126253,23.639999471604824,1
18:09:16.598900,38,0.9763446089080932,1.2279688161028326,0.825076957299953,-0.4872000130126253,12.639999717473984,1
18:09:16.598900,38,0.8330552681921131,1.2704053101800186,1.371648565888542,-0.5566400148672983,28.759999357163903,0
18:09:16.598900,38,0.864978918980497,1.3190887253511503,1.3475694050923,-0.5566400148672983,32.119999282062054,0
18:09:16.598900,38,0.9272250249010782,1.1398254316792953,0.9032893235493747,-0.4872000130126253,36.999999172985554,1
18:09:16.598900,38,0.973489270614291,1.169811529546244,0.8679573640542708,-0.4872000130126253,26.119999416172504,1
18:09:16.598900,38,1.0059517439852437,1.208820665828727,0.8302076887024494,-0.4872000130126253,12.999999709427357,1
18:09:16.598900,38,0.8606817414624429,1.2540445219768108,1.376032425875128,-0.5566400148672983,23.9999994635582,0
18:09:16.598900,38,0.954734467694268,1.1216464933377115,0.9081603553972576,-0.4872000130126253,37.51999916136265,1
18:09:16.598900,38,0.9876698127074464,1.160339779786367,0.8704953117533396,-0.4872000130126253,26.519999407231808,1
18:09:16.598900,38,1.0206051577206243,1.1990330662350228,0.8328302681094215,-0.4872000130126253,12.23999972641468,1
18:09:16.598900,38,0.9683466654983048,1.1123586474834684,0.9106490261933268,-0.4872000130126253,35.759999200701714,1
18:09:16.598900,38,1.0017515886468011,1.1507315323775666,0.873069833887206,-0.4872000130126253,24.759999446570877,1
18:09:16.598900,38,1.0351565117952972,1.1891044172716652,0.8354906415810854,-0.4872000130126253,12.11999972909689,1
18:09:16.598900,38,1.0772603129940426,1.16041552619471,0.7404417536375196,-0.4872000130126253,6.6399998515844345,1
18:09:16.598900,38,0.9952792080155024,1.093390846199224,0.915731433229634,-0.5566400148672983,32.239999279379845,1
18:09:16.598900,38,1.0296132194182734,1.13110940143353,0.8783275680274383,-0.4872000130126253,21.7599995136261,1
18:09:16.598900,38,1.0639472308210445,1.1688279566678368,0.8409237028252425,-0.4872000130126253,11.639999739825726,1
18:09:16.598900,38,1.008596859496976,1.0837127875334596,0.9183246612334264,-0.5566400148672983,27.99999937415123,1
18:09:16.598900,38,1.0433902881106565,1.1210974800949491,0.8810102542647951,-0.4872000130126253,18.639999583363533,1
18:09:16.598900,38,1.085156807193386,1.0932937080337486,0.788082537171735,-0.4872000130126253,10.759999759495258,1
18:09:16.598900,38,1.027881990405106,1.0128646161774058,0.8689445405095648,-0.4872000130126253,23.87999946624041,1
18:09:16.598900,38,1.063340695555432,1.0478052690125412,0.8299266742358968,-0.4872000130126253,15.75999964773655,1
18:09:16.598900,38,1.0987994007057582,1.0827459218476767,0.7909088079622291,-0.4872000130126253,9.759999781847,1
18:09:16.598900,38,1.4862393539335208,1.5546040125953815,1.2546051371655116,-0.2088800055789761,8.759999804198742,-1
18:09:16.598900,38,1.3778098416344513,1.4117769498434225,1.3202878934838052,0.0697200018621515,11.119999751448631,-1
18:09:16.598900,38,1.4195766628582132,1.4545734473644365,1.2996831531353032,0.1391600037168245,10.87999975681305,-1
18:09:16.598900,38,1.461343484081975,1.4973699448854512,1.2790784127868011,0.1391600037168245,10.99999975413084,-1
18:09:16.598900,38,1.8427443877542389,1.7467695808548211,1.028047625927579,0.7655200204462744,2.999999932944774,-1
18:09:16.598900,38,0.194744516397501,0.0908462754624863,1.8664689787044733,2.226560059469193,3.359999924898148,-1
18:09:16.650823,39,-0.2099372101335657,0.1288441189764418,2.057745708819344,4.244520113366889,3.759999915957451,-1
18:09:16.650823,39,-0.0358032243650424,0.2373527122813582,2.0799426367983824,-3.548720094782766,3.879999913275242,-1
18:09:16.650823,39,0.8405937582604681,3.27212166901118,0.94003128810155,-0.3480400092958007,4.759999893605709,-1
18:09:16.650823,39,0.8603042733398375,3.2454208148263386,1.0943909835148846,-0.3480400092958007,4.519999898970127,-1
18:09:16.650823,39,0.9627458796121368,3.1959100531839857,-0.0556460694820724,-0.2783200074336491,3.63999991863966,-1
18:09:16.650823,39,0.7070264475477279,1.1596357868179954,-0.1333541787456105,-0.2088800055789761,3.1199999302625656,-1
18:09:16.650823,39,0.7050054263425423,1.34944919478199,1.096816973297537,-0.5566400148672983,27.759999379515648,0
18:09:16.650823,39,0.7203422077897419,1.3425652371132086,1.098661524195617,-0.5566400148672983,34.11999923735857,0
18:09:16.650823,39,0.7491585031664248,1.335310862697897,0.9913231407229934,-0.5566400148672983,22.99999948590994,0
18:09:16.650823,39,0.740910099241403,1.2916814736426172,1.0427139634967268,-0.4872000130126253,41.75999906659126,0
18:09:16.650823,39,0.7711324946846091,1.2903336498612512,0.9501827220779236,-0.4872000130126253,28.11999937146902,0
18:09:16.650823,39,0.7558271280009736,1.2844527278497362,1.044650900094219,-0.4872000130126253,50.75999886542559,0
18:09:16.650823,39,0.7862744780549978,1.2828118892628748,0.9521981717559188,-0.4872000130126253,34.23999923467636,0
18:09:16.650823,39,0.7854329551491784,1.269564802721607,1.0486401076092764,-0.6263600167294499,59.99999865889549,0
18:09:16.650823,39,0.8013378346363225,1.2751442468623198,0.954252710344998,-0.4872000130126253,40.99999908357859,0
18:09:16.650823,39,0.8001187929799016,1.2619071121663987,1.0506919796094318,-0.6263600167294499,67.35999849438667,0
18:09:16.650823,39,0.8312226501528713,1.2593743981973198,0.958478228559546,-0.5566400148672983,47.35999894142151,0
18:09:16.650823,39,0.781827720178785,1.2517995963747892,1.1423331280288562,-0.6263600167294499,37.51999916136265,0
18:09:16.650823,39,0.8147246196016671,1.2541079525594934,1.0527817581277437,-0.6263600167294499,70.23999843001366,0
18:09:16.650823,39,0.8460411206315814,1.2512737689045292,0.960648785636733,-0.5566400148672983,51.23999885469675,0
18:09:16.650823,39,0.708148521918615,1.2314889238873852,1.4663641972262056,-0.5566400148672983,3.879999913275242,0
18:09:16.650823,39,0.8262742019348759,1.236837840516922,1.040162274300528,-0.6263600167294499,67.35999849438667,0
18:09:16.650823,39,0.8572939619763226,1.2328936383652518,0.9479815074895704,-0.5566400148672983,50.87999886274338,0
18:09:16.650823,39,0.8868679151233105,1.2754246024375735,0.9116901687105768,-0.6263600167294499,16.359999634325504,0
18:09:16.650823,39,0.7651746340198194,1.2683010749088333,1.448011809267439,-0.5566400148672983,10.639999762177467,0
18:09:16.650823,39,0.7832195911098572,1.2596425241023654,1.2910542754759862,-0.6263600167294499,14.759999670088291,0
18:09:16.650823,39,0.8452234375583076,1.1920537648466014,1.0008050628076748,-0.6263600167294499,59.99999865889549,0
18:09:16.650823,39,0.8718825157307614,1.2245422878670729,0.9502192451112668,-0.5566400148672983,46.51999896019697,0
18:09:16.650823,39,0.8732534418050079,1.1754539998918832,1.005252956421838,-0.6263600167294499,50.87999886274338,0
18:09:16.650823,39,0.9007966105518376,1.2074189519701546,0.9548074291365728,-0.5566400148672983,39.87999910861254,0
18:09:16.650823,39,0.9303692763661848,1.1973983900771032,0.860565487053317,-0.6263600167294499,15.639999650418758,0
18:09:16.650823,39,0.961393848255027,1.2373274519842483,0.8225693183732707,-0.6263600167294499,2.999999932944774,0
18:09:16.650823,39,0.8871381556055735,1.1669518906892875,1.0075310897166347,-0.6263600167294499,41.879999063909054,0
18:09:16.650823,39,0.9151192602332168,1.1986486788906587,0.957157416725624,-0.5566400148672983,32.99999926239252,0
18:09:16.650823,39,0.9448375698706256,1.1883417611954326,0.8629922034483091,-0.6263600167294499,14.6399996727705,0
18:09:16.650823,39,0.8972907245140441,1.148698184311571,0.9954368127121238,-0.6263600167294499,34.11999923735857,0
18:09:16.650823,39,0.9293503987552604,1.1897405004577115,0.9595443559427644,-0.5566400148672983,26.87999939918518,0
18:09:16.650823,39,0.9575324592069716,1.1715140044743244,0.9644281308223625,-0.5566400148672983,21.87999951094389,0
18:09:16.650823,39,0.1474487858508953,0.177001141651529,1.895412919126304,3.618160096637439,4.519999898970127,-1
18:09:16.650823,39,1.3224435784322048,1.419881260738984,1.2328215000247131,0.0697200018621515,5.519999876618385,-1
18:09:16.650823,39,1.3625320310254647,1.4629234317151356,1.2095653101740365,-0.2088800055789761,7.639999829232693,-1
18:09:16.650823,39,1.443360954305964,1.4384873391354216,1.1369630390550047,0.0697200018621515,7.759999826550484,-1
18:09:16.650823,39,4.578128809322033,0.7678473331742888,-3.2637424727797937,4.174800111504737,3.2399999275803566,-1
18:09:16.650823,39,1.501128700956372,1.4651807574503488,1.1161603505948068,0.0697200018621515,5.639999873936176,-1
18:09:16.650823,39,4.9738812547568045,5.03427890244256,1.7466460780427435,2.0874000557523686,3.1199999302625656,-1
18:09:16.704603,40,-0.4035716905543612,1.2728800995495029,3.6032432149591576,-0.2088800055789761,3.1199999302625656,-1
18:09:16.704603,40,0.0,0.2527061716583127,2.012190032252962,-2.574600068764994,3.879999913275242,-1
18:09:16.704603,40,0.4944574151822981,1.3049196221088524,-0.0328847199160708,0.0697200018621515,6.359999857842922,-1
18:09:16.704603,40,0.5071409522441577,1.338392669294652,-0.0850311088584589,0.0697200018621515,5.359999880194664,-1
18:09:16.704603,40,0.5813850112726663,1.3529643286656876,1.425326358794699,-0.5566400148672983,20.359999544918537,0
18:09:16.704603,40,0.6038270483365665,1.4008989680761208,1.387128697289097,-0.5566400148672983,20.87999953329563,0
18:09:16.704603,40,0.5959116960432612,1.347278374935745,1.4268499055048376,-0.5566400148672983,25.51999942958355,0
18:09:16.704603,40,0.618914477522164,1.394993530902545,1.3887110544107095,-0.5566400148672983,26.239999413490292,0
18:09:16.704603,40,0.6103787901435073,1.341452390842946,1.4284109732376198,-0.5566400148672983,31.999999284744263,0
18:09:16.704603,40,0.6339400157785362,1.388942658055462,1.3903323809035888,-0.5566400148672983,33.359999254345894,0
18:09:16.704603,40,0.6247848468761147,1.3354869589808178,1.43000940588758,-0.6263600167294499,40.23999910056591,0
18:09:16.704603,40,0.6606948332648366,1.3570804514420194,1.3484240317835354,-0.5566400148672983,42.75999904423952,0
18:09:16.704603,40,0.6525211880414014,1.3172181566456287,1.4186883565327442,-0.6263600167294499,49.359998896718025,0
18:09:16.704603,40,0.6754563451536651,1.350627283154463,1.350153153014808,-0.5566400148672983,54.11999879032373,0
18:09:16.704603,40,0.7001016755131777,1.3954249451585574,1.309712999417136,-0.5566400148672983,31.63999929279089,0
18:09:16.704603,40,0.6409090746745714,1.2640729511233155,1.4576333334421845,-0.6263600167294499,18.999999575316902,0
18:09:16.704603,40,0.666716220415231,1.3108466762731106,1.420395589553151,-0.6263600167294499,57.51999871432781,0
18:09:16.704603,40,0.6901503119738761,1.3440318546465289,1.3519203927572463,-0.5566400148672983,65.87999852746725,0
18:09:16.704603,40,0.7111054332648855,1.3669150059402952,1.2653424565709472,-0.5566400148672983,35.35999920964241,0
18:09:16.704603,40,0.6808445817255948,1.304338403276471,1.422139476046722,-0.6263600167294499,61.63999862223864,0
18:09:16.704603,40,0.7047752643410983,1.337294825455542,1.3537255742883565,-0.5566400148672983,74.1199983432889,0
18:09:16.704603,40,0.7411708397235279,1.352886627048254,1.2691013493661871,-0.5566400148672983,38.1199991479516,0
18:09:16.704603,40,0.6916547969252668,1.279231427075686,1.3803618816255376,-0.5566400148672983,59.51999866962433,0
18:09:16.704603,40,0.7180590156497446,1.32374948886913,1.3405951186797394,-0.5566400148672983,74.5199983343482,0
18:09:16.704603,40,0.7560931180717796,1.3456553373210078,1.2710389676088385,-0.5566400148672983,39.23999912291765,0
18:09:16.704603,40,0.7055801496880282,1.272483244389934,1.3821700517265625,-0.6958000185841229,52.51999882608652,0
18:09:16.704603,40,0.7325159747308574,1.3167436914130917,1.3424723164504209,-0.6263600167294499,66.9999985024333,0
18:09:16.704603,40,0.7709397877416795,1.338280273420294,1.2730151100251628,-0.5566400148672983,38.35999914258719,0
18:09:16.704603,40,0.7332177974741254,1.2585850604649509,1.3858940588855209,-0.6958000185841229,43.63999902456999,0
18:09:16.704603,40,0.7612087015830121,1.3023149383518,1.3463384891809822,-0.6263600167294499,55.63999875634909,0
18:09:16.704603,40,0.7839954267824699,1.3233420572061163,1.2597525770295008,-0.5566400148672983,35.759999200701714,0
18:09:16.704603,40,0.7456078524127878,1.2450746852388286,1.3733990436742904,-0.6958000185841229,35.11999921500683,0
18:09:16.704603,40,0.7754416001054076,1.294893425609764,1.348327077526828,-0.6263600167294499,44.359999008476734,0
18:09:16.704603,40,0.79865438605108,1.3156983820386303,1.2618006936178343,-0.6263600167294499,32.119999282062054,0
18:09:16.704603,40,0.7592186051106583,1.237806871139035,1.3753464485930695,-0.6263600167294499,28.11999937146902,0
18:09:16.704603,40,0.7895969551174583,1.2873348069919808,1.350352403281358,-0.6263600167294499,34.99999921768904,0
18:09:16.704603,40,0.8132334805501985,1.3079134967413246,1.2638866473464163,-0.6263600167294499,28.11999937146902,0
18:09:16.704603,40,0.8436904050837325,1.2380883598970946,1.057074195044709,-0.6958000185841229,13.35999970138073,0
18:09:16.704603,40,0.7727534365840917,1.2304079528455312,1.3773289827746775,-0.6263600167294499,22.63999949395657,0
18:09:16.704603,40,0.8036733510955222,1.2796398383539795,1.3524142639136931,-0.6263600167294499,27.639999382197857,0
18:09:16.704603,40,0.826670453525957,1.2434042272445716,1.3120333251648977,-0.6958000185841229,22.11999950557947,0
18:09:16.704603,40,0.9410267972433386,1.130802393263761,0.9057070394060922,-0.7655200204462744,4.519999898970127,0
18:09:16.704603,40,1.3992611804751822,1.3541434433052753,1.25043589511826,0.0697200018621515,4.239999905228615,-1
18:09:16.704603,40,1.4416782759293183,1.39519284315625,1.227713666681275,0.0697200018621515,5.759999871253967,-1
18:09:16.704603,40,1.4840953713834548,1.4362422430072248,1.2049914382442892,0.0697200018621515,5.639999873936176,-1
18:09:16.704603,40,1.5337065018898093,1.4358655239150475,1.1240153437465206,0.0697200018621515,4.999999888241291,-1
18:09:16.760733,41,-0.0561594370331194,0.2466061864875485,1.993635057052856,-2.574600068764994,3.879999913275242,-1
18:09:16.760733,41,0.6305063095451966,6.803119894488896,0.3950516405858173,1.3221600353135727,3.1199999302625656,-1
18:09:16.760733,41,0.7558220890123639,3.1838848715058865,0.8233022930544527,-0.4174800111504737,3.519999921321869,-1
18:09:16.760733,41,0.5903349517716616,1.1677267992030915,-0.0899383740200012,-0.0697200018621515,3.519999921321869,-1
18:09:16.760733,41,0.6565475901314566,1.1793939389457444,-0.1386483596521719,-0.1391600037168245,3.359999924898148,-1
18:09:16.760733,41,0.5348594987463386,1.2446929463622178,1.4713147918881484,-0.5566400148672983,4.239999905228615,0
18:09:16.760733,41,0.6579466924354153,1.1782352079998333,0.8542891705423656,-0.6263600167294499,16.519999630749226,0
18:09:16.760733,41,0.681454744008097,1.220332864774859,0.8133535908427778,-0.6263600167294499,8.759999804198742,0
18:09:16.760733,41,0.096057340060039,0.1989407875864726,2.1233067578666835,2.0874000557523686,3.759999915957451,-1
18:09:16.760733,41,0.6722597519506296,1.1718107508115567,0.8560105986577726,-0.6263600167294499,20.239999547600743,0
18:09:16.760733,41,0.6962792007916844,1.2136788654783162,0.8151365245807236,-0.6263600167294499,10.759999759495258,0
18:09:16.760733,41,0.7159689644069022,1.187738863283505,0.7060426054496469,-0.6263600167294499,5.879999868571758,0
18:09:16.760733,41,0.5859559158897816,1.2877773228557143,1.4512817661794009,-0.5566400148672983,14.759999670088291,0
18:09:16.760733,41,0.6865055860538687,1.1652483636123632,0.8577689850082169,-0.6263600167294499,25.11999943852425,0
18:09:16.760733,41,0.7110340302385358,1.2068820080120135,0.8169577370498888,-0.6263600167294499,13.639999695122242,0
18:09:16.760733,41,0.7307546035024223,1.180751666924226,0.7079148190714735,-0.6263600167294499,7.239999838173389,0
18:09:16.760733,41,0.623936794593825,1.3295482046903648,1.41538453011652,-0.5566400148672983,22.63999949395657,0
18:09:16.760733,41,0.7147898866034612,1.151712437841374,0.8613959253873611,-0.6263600167294499,30.879999309778214,0
18:09:16.760733,41,0.74032891234992,1.1928624515080692,0.8207142658933633,-0.6263600167294499,17.519999608397484,0
18:09:16.760733,41,0.7601051859049939,1.1663505874672984,0.7117735766820936,-0.6263600167294499,8.639999806880951,0
18:09:16.760733,41,0.6688172816747808,1.3157748599324772,1.2760136614210351,-0.4872000130126253,21.119999527931213,0
18:09:16.760733,41,0.7288255246434563,1.144740252850816,0.8632641167250614,-0.6263600167294499,36.999999172985554,0
18:09:16.760733,41,0.7509938946283385,1.17423682530174,0.8088246906173988,-0.6263600167294499,22.63999949395657,0
18:09:16.760733,41,0.7746671941783948,1.1589381444655311,0.7137597347983589,-0.6263600167294499,9.999999776482582,0
18:09:16.760733,41,0.7179291892155046,1.2013087211961582,1.0226135296356778,-0.6958000185841229,25.999999418854717,0
18:09:16.760733,41,0.7389780935519269,1.1266583873260168,0.851811158514457,-0.6263600167294499,42.23999905586243,0
18:09:16.760733,41,0.7653813498248598,1.1669132343805966,0.810787040890415,-0.6263600167294499,28.11999937146902,0
18:09:16.760733,41,0.7891517363813948,1.1513854162315051,0.7157834822293179,-0.6263600167294499,10.99999975413084,0
18:09:16.760733,41,0.7527953294741188,1.1194536150658256,0.8537416714232253,-0.6958000185841229,44.63999900221825,0
18:09:16.760733,41,0.7796922675276355,1.1594510398097395,0.8127865298994401,-0.6263600167294499,32.239999279379845,0
18:09:16.760733,41,0.8178826366992363,1.1358621390855397,0.7199429318044639,-0.6263600167294499,11.359999746084211,0
18:09:16.760733,41,0.7802025904275491,1.1046454989648586,0.8577094941739056,-0.6958000185841229,43.35999903082848,0
18:09:16.760733,41,0.8080787739296209,1.1441138383573328,0.8168961206427658,-0.6263600167294499,33.11999925971031,0
18:09:16.760733,41,0.8321261217481167,1.1278931424883087,0.7220782180071781,-0.6263600167294499,11.359999746084211,0
18:09:16.760733,41,0.793789874755654,1.0970436359232865,0.859746407236867,-0.6958000185841229,39.11999912559986,0
18:09:16.760733,41,0.8221515240019723,1.136240365183079,0.8190058114214351,-0.6263600167294499,30.759999312460423,0
18:09:16.760733,41,0.8462863948819783,1.119786965133008,0.7242502616832345,-0.6263600167294499,10.99999975413084,0
18:09:16.760733,41,0.8072977807613211,1.089310912073573,0.8618183843476905,-0.6958000185841229,33.519999250769615,0
18:09:16.760733,41,0.8361420596107229,1.1282313556203336,0.8211518190659461,-0.6263600167294499,26.519999407231808,0
18:09:16.760733,41,0.8743516498055678,1.103166324228871,0.7287037489911856,-0.6263600167294499,10.239999771118164,0
18:09:16.760733,41,0.8340700627610501,1.0734559880219912,0.8660666984433687,-0.6958000185841229,27.87999937683344,0
18:09:16.760733,41,0.8638708996313433,1.1118099443797889,0.8255519229464294,-0.6958000185841229,22.11999950557947,0
18:09:16.760733,41,0.888253825093316,1.094653522730201,0.7309847472780806,-0.6263600167294499,9.239999793469906,0
18:09:16.760733,41,0.8473317615493419,1.065335373299246,0.8682426106003727,-0.6958000185841229,22.879999488592148,0
18:09:16.760733,41,0.8776064311824422,1.103399184829356,0.8278055791757002,-0.6958000185841229,18.23999959230423,0
18:09:16.760733,41,0.8984289071017396,1.0326908533819368,0.7801239122059378,-0.6958000185841229,15.119999662041664,0
18:09:16.760733,41,1.452053285061574,1.5829866855083667,1.2470000228794405,0.0697200018621515,6.6399998515844345,-1
18:09:16.760733,41,1.3778098416344513,1.4117769498434225,1.3202878934838052,0.0697200018621515,5.239999882876873,-1
18:09:16.760733,41,1.461343484081975,1.4973699448854512,1.2790784127868011,0.0697200018621515,10.519999764859676,-1
18:09:16.760733,41,1.4353680738551309,1.440785008499689,1.3033777541939982,0.0697200018621515,8.359999813139439,-1
18:09:16.815206,42,-0.131349205852626,0.1037078451687627,2.189739492602002,-4.383680117083713,3.879999913275242,-1
18:09:16.815206,42,-0.3878042235153052,1.3823843374855806,3.513969646742257,0.2783200074336491,3.2399999275803566,-1
18:09:16.815206,42,-1.3016063263726652,6.880368174337571,1.528627007283506,-0.4174800111504737,3.519999921321869,-1
18:09:16.815206,42,-1.1079088733816185,6.977459338057015,1.5149782192377916,-3.96620010593324,2.999999932944774,-1
18:09:16.815206,42,0.5017964312838071,1.3193074242910168,1.4428333009625405,-0.4174800111504737,39.99999910593033,0
18:09:16.815206,42,0.5195606045034912,1.3495124372092768,1.3615301417169985,-0.4174800111504737,52.11999883502722,0
18:09:16.815206,42,0.5159566895996139,1.3143920133178213,1.444150381363275,-0.4174800111504737,48.63999891281128,0
18:09:16.815206,42,0.534222152318137,1.3444230150105525,1.3628938482850876,-0.4174800111504737,60.51999864727259,0
18:09:16.815206,42,0.6396319069449018,1.2763578565515143,0.7512235788994592,-0.2783200074336491,4.519999898970127,-1
18:09:16.815206,42,0.5079720191980512,1.2547662608729504,1.468615655399893,-0.4872000130126253,26.359999410808086,0
18:09:16.815206,42,0.5293458679883607,1.3036019024103611,1.4314742742578863,-0.4174800111504737,58.87999868392944,0
18:09:16.815206,42,0.5488302783651228,1.3391922299674115,1.364295432913178,-0.4174800111504737,69.35999844968319,0
18:09:16.815206,42,0.5697821097946019,1.3859993211458708,1.323915326392214,-0.4174800111504737,48.35999891906977,0
18:09:16.815206,42,0.521441830845305,1.249794532434456,1.4699478260199743,-0.4872000130126253,29.639999337494373,0
18:09:16.815206,42,0.5433824465174536,1.298420979433871,1.432862498385485,-0.4872000130126253,69.99999843537807,0
18:09:16.815206,42,0.5633835218440825,1.3338206051539774,1.3657347554439805,-0.4174800111504737,77.87999825924635,0
18:09:16.815206,42,0.5963966680087722,1.3536056042346098,1.2825049551956194,-0.4174800111504737,53.11999881267548,0
18:09:16.815206,42,0.5115967424831749,1.1905572552104833,1.4943090084348734,-0.4872000130126253,3.759999915957451,0
18:09:16.815206,42,0.5348594987463386,1.2446929463622178,1.4713147918881484,-0.4872000130126253,32.239999279379845,0
18:09:16.815206,42,0.557364687257141,1.2931047348269544,1.4342869818346744,-0.4872000130126253,80.51999820023775,0
18:09:16.815206,42,0.5768595790634181,1.3218111161356665,1.352837578985436,-0.4174800111504737,84.63999810814857,0
18:09:16.815206,42,0.6271693554798646,1.360187567270159,1.181221850443317,-0.4174800111504737,21.119999527931213,0
18:09:16.815206,42,0.6779591717120886,1.2087505819790572,0.7995767573879473,-0.5566400148672983,6.519999854266644,-1
18:09:16.815206,42,0.5482236811456034,1.2394620128105691,1.4727164163089737,-0.4872000130126253,33.639999248087406,0
18:09:16.815206,42,0.5712911919950631,1.2876537002096178,1.435747582158304,-0.4872000130126253,87.51999804377556,0
18:09:16.815206,42,0.6056276737865327,1.31038878587625,1.355898183154128,-0.4872000130126253,88.2399980276823,0
18:09:16.815206,42,0.6247732284679269,1.3345189525773582,1.270991196933985,-0.4174800111504737,57.759998708963394,0
18:09:16.815206,42,0.560770844249353,1.2286313019934036,1.4607000394945522,-0.4872000130126253,33.359999254345894,0
18:09:16.815206,42,0.5961700459775713,1.2584826087561582,1.3969997773696474,-0.4872000130126253,88.3599980250001,0
18:09:16.815206,42,0.6199215954762995,1.3044697882306349,1.3574841737932726,-0.4872000130126253,87.87999803572893,0
18:09:16.815206,42,0.6865055860538687,1.1652483636123632,0.8577689850082169,-0.5566400148672983,5.639999873936176,-1
18:09:16.815206,42,0.5740060626525826,1.2231507048369217,1.462168561076672,-0.4872000130126253,31.63999929279089,0
18:09:16.815206,42,0.6098566967636189,1.2526578984569734,1.3985605037904592,-0.5566400148672983,82.87999814748764,0
18:09:16.815206,42,0.6341535255258894,1.298413020155451,1.3591070799077607,-0.4872000130126253,83.75999812781811,0
18:09:16.815206,42,0.6003029813121669,1.2118073726407754,1.4652079977781072,-0.4872000130126253,28.759999357163903,0
18:09:16.815206,42,0.6234823623909288,1.2467012787024925,1.4001565752432916,-0.5566400148672983,73.11999836564064,0
18:09:16.815206,42,0.6483220407542212,1.292219087322431,1.360766739208341,-0.4872000130126253,76.7599982842803,0
18:09:16.815206,42,0.6359203141914231,1.2344367954066728,1.3879725325611223,-0.5566400148672983,61.87999861687422,0
18:09:16.815206,42,0.6624257243216423,1.285888609119669,1.3624629857304738,-0.5566400148672983,68.35999847203493,0
18:09:16.815206,42,0.6493960804745665,1.228229142312094,1.3896358681947072,-0.5566400148672983,51.35999885201454,0
18:09:16.815206,42,0.68635372284298,1.2528269101971454,1.323158733456708,-0.6263600167294499,59.8799986615777,0
18:09:16.815206,42,0.6628069076937271,1.2218916358630807,1.3913339979297474,-0.5566400148672983,42.35999905318022,0
18:09:16.815206,42,0.6838600580802637,1.1831021690608965,1.34014308575213,-0.5566400148672983,34.99999921768904,0
18:09:16.815206,42,3.518021410939137,5.564233597513917,-0.4328311832152098,-0.6263600167294499,3.2399999275803566,-1
18:09:16.815206,42,1.3279200454494673,1.6770087601605823,1.2218068839056806,0.0697200018621515,3.63999991863966,-1
18:09:16.815206,42,1.302542470903456,1.5929373596593135,1.1855657516291231,0.0697200018621515,3.879999913275242,-1
18:09:16.815206,42,1.2990480219263638,1.5226387755308857,1.215480467106879,-0.4174800111504737,3.2399999275803566,-1
18:09:16.815206,42,5.95131657607596,1.9451200064441387,-1.3084718807365996,0.4174800111504737,2.999999932944774,-1
18:09:16.871576,43,-5.869544024596434,3.719178212827268,-1.6613402611938997,1.7396400464640465,2.999999932944774,-1
18:09:16.871576,43,-5.633560353982793,4.137783370952135,-1.4783881804227823,-1.600480042747222,2.999999932944774,-1
18:09:16.871576,43,-5.3906893175805095,4.2281619656435305,-1.7918599519436045,-0.5566400148672983,2.999999932944774,-1
18:09:16.871576,43,-0.0570306496533747,0.2450573977261964,-0.0265213668634873,-3.2006800854869653,3.359999924898148,-1
18:09:16.871576,43,0.4805133963058604,3.168004852699696,-1.3512436967533883,-0.3480400092958007,3.2399999275803566,-1
18:09:16.871576,43,0.5081541636561042,3.168259513801233,-1.166625547908298,-0.2088800055789761,2.999999932944774,-1
18:09:16.871576,43,0.543685759535759,1.328242124569169,-2.0823112785965296,-0.0697200018621515,5.519999876618385,-1
18:09:16.871576,43,0.5655070386667619,1.2844399510526192,-2.0273972085952985,-0.0697200018621515,5.359999880194664,-1
18:09:16.871576,43,0.4137685361142436,1.301742301611344,-0.4991050411654768,-0.4174800111504737,21.119999527931213,0
18:09:16.871576,43,0.43988812365877,1.2776600949010115,-0.5375187289395782,-0.4174800111504737,25.63999942690134,0
18:09:16.871576,43,0.4535983499272378,1.2733448507356544,-0.5363624627503276,-0.4174800111504737,31.119999304413795,0
18:09:16.871576,43,0.473326798015873,1.3287267051685443,-0.5596905877418752,-0.4174800111504737,35.999999195337296,0
18:09:16.871576,43,2.150437578457812,3.73470452941912,5.539263312088169,-0.7655200204462744,3.2399999275803566,-1
18:09:16.871576,43,0.4672632167407378,1.2688973939244537,-0.5351707702893941,-0.4174800111504737,37.239999167621136,0
18:09:16.871576,43,0.4869241684515371,1.3183276286474408,-0.5724714721953008,-0.4174800111504737,42.63999904692173,0
18:09:16.871576,43,0.4808813576240373,1.2643181692093648,-0.5339437707250254,-0.4174800111504737,42.9999990388751,0
18:09:16.871576,43,0.501115317439701,1.313555724704091,-0.5711928443873213,-0.4174800111504737,49.51999889314175,0
18:09:16.871576,43,0.5186427803725081,1.342977418346184,-0.6528339145986253,-0.4174800111504737,38.6399991363287,0
18:09:16.871576,43,2.31791453885508,3.6165819430564414,5.629853839443156,2.644040070619667,3.1199999302625656,-1
18:09:16.871576,43,0.4729461319493002,1.204823255700224,-0.5095135548755747,-0.4174800111504737,14.6399996727705,0
18:09:16.871576,43,0.4937802667006447,1.254102061883604,-0.5461248300486339,-0.4174800111504737,47.11999894678593,0
18:09:16.871576,43,0.5128465071281182,1.29062908447162,-0.6116138448378173,-0.4174800111504737,55.519998759031296,0
18:09:16.871576,43,0.5301276947673089,1.31751884796155,-0.6941754190240685,-0.3480400092958007,44.11999901384115,0
18:09:16.871576,43,0.5072825229140518,1.2492672596904566,-0.5448293487054159,-0.4174800111504737,47.9999989271164,0
18:09:16.871576,43,0.5268701233079701,1.2856075970112588,-0.6102683413280106,-0.4174800111504737,58.87999868392944,0
18:09:16.871576,43,0.5578460226536214,1.2999635157659188,-0.7054597597010894,-0.3480400092958007,48.99999890476465,0
18:09:16.871576,43,0.5679435178995593,1.288650580340645,-0.8482665259278723,-0.4872000130126253,31.999999284744263,0
18:09:16.871576,43,0.6117599118951991,1.246557075602989,-1.0980121254593305,-0.3480400092958007,3.999999910593033,0
18:09:16.871576,43,0.5207340513001693,1.2443022796320968,-0.5434989863083417,-0.4174800111504737,45.51999898254872,0
18:09:16.871576,43,0.5398856360413924,1.274203980802292,-0.6226830526508926,-0.4174800111504737,58.87999868392944,0
18:09:16.871576,43,0.5722004381015439,1.2945057650998286,-0.7039973598176201,-0.3480400092958007,52.3599988296628,0
18:09:16.871576,43,0.5971137481642719,1.2773966164336,-0.8452510353873306,-0.4872000130126253,35.23999921232462,0
18:09:16.871576,43,0.5316353703044635,1.2220103713972978,-0.5821492494523974,-0.4174800111504737,40.51999909430742,0
18:09:16.871576,43,0.5537778973453974,1.3864804029914264,-0.271677384570933,-0.4174800111504737,55.23999876528978,0
18:09:16.871576,43,0.5807838070736943,1.4129105383797975,-0.4063800928278447,-0.4872000130126253,53.11999881267548,0
18:09:16.871576,43,0.611610024778074,1.4465937789847336,-0.4858352322956625,-0.4872000130126253,37.11999917030335,0
18:09:16.871576,43,0.6318876962646023,1.453848010490915,-0.6331612578970939,-0.3480400092958007,11.359999746084211,0
18:09:16.871576,43,0.5581481253078706,1.320144492587955,-0.2460334373704426,-0.4174800111504737,34.51999922841787,0
18:09:16.871576,43,0.576699132725109,1.364021752339239,-0.3311634614723662,-0.4174800111504737,49.23999889940024,0
18:09:16.871576,43,0.5948836377107225,1.4070321523006366,-0.4063800928278447,-0.4872000130126253,51.35999885201454,0
18:09:16.871576,43,0.6260451409018059,1.4404054517251754,-0.4858352322956625,-0.4872000130126253,37.35999916493893,0
18:09:16.871576,43,0.5703121810668408,1.312174987271087,-0.2603537637642698,-0.4174800111504737,28.759999357163903,0
18:09:16.871576,43,0.5903102878927553,1.3581866567406975,-0.3311634614723662,-0.4174800111504737,42.51999904960394,0
18:09:16.871576,43,0.6157787135258974,1.3788996528679132,-0.4671435787417084,-0.4872000130126253,47.35999894142151,0
18:09:16.871576,43,0.6404176530359484,1.4340730851272177,-0.4858352322956625,-0.4872000130126253,35.759999200701714,0
18:09:16.871576,43,0.6113397115359418,1.332995427022077,-0.3901197475035612,-0.4872000130126253,35.999999195337296,0
18:09:16.871576,43,0.6295366912531979,1.3726730240945355,-0.4671435787417084,-0.4872000130126253,42.23999905586243,0
18:09:16.871576,43,0.65472612394133,1.4275973124222148,-0.4858352322956625,-0.4872000130126253,32.87999926507473,0
18:09:16.871576,43,0.1040950058388535,0.1776616934271733,-0.1470018997446188,-0.4872000130126253,3.519999921321869,-1
18:09:16.871576,43,1.351336188634193,1.741177265378617,-0.1989012343887209,-0.2088800055789761,5.759999871253967,-1
18:09:16.871576,43,1.389958879068496,1.7909420471387605,-0.2045860527687871,2.992080079915468,5.519999876618385,-1
18:09:16.871576,43,1.428581569502799,1.840706828898904,-0.2102708711488534,0.2088800055789761,4.239999905228615,-1
18:09:16.871576,43,1.3295617056323483,1.678200997798716,-0.1932164160086546,-0.2088800055789761,4.639999896287918,-1
18:09:16.927616,44,-0.3401673950068677,1.3999671650125982,1.5092583423057375,-0.2088800055789761,2.999999932944774,-1
18:09:16.927616,44,-0.0253341027593722,0.2388293729793037,0.079546966756873,-2.992080079915468,3.759999915957451,-1
18:09:16.927616,44,-0.0491959027562326,4.841078217129737,-0.9400541642719688,-0.0697200018621515,3.519999921321869,-1
18:09:16.927616,44,0.3442412518823473,3.1973477825594343,-1.3234320974794005,-0.3480400092958007,5.639999873936176,-1
18:09:16.927616,44,0.426611693535062,3.132148789646517,-1.980508219318161,-0.1391600037168245,3.1199999302625656,-1
18:09:16.927616,44,0.4338453078011548,3.1852574046039965,-2.01408965350404,-0.1391600037168245,4.239999905228615,-1
18:09:16.927616,44,0.44081204864541,3.177426128879587,-1.1690817350158698,-0.5566400148672983,7.519999831914902,-1
18:09:16.927616,44,0.5141457833371124,3.229138950068098,-2.045198701870661,-0.1391600037168245,2.999999932944774,-1
18:09:16.927616,44,0.4987404561504298,3.299961940537016,-0.3011830259541815,0.0697200018621515,3.999999910593033,-1
18:09:16.927616,44,0.6054778842261106,1.7116617928503264,-1.7605260708611463,-0.0697200018621515,4.519999898970127,-1
18:09:16.927616,44,0.6206208166805596,1.7544702580135465,-1.8045566260141583,-0.2783200074336491,5.119999885559082,-1
18:09:16.927616,44,0.6386943229553885,2.064725162121442,-1.5429389121416417,-0.2783200074336491,3.879999913275242,-1
18:09:16.927616,44,0.606993690034406,1.6628666347226992,-1.7164955157081343,-0.0697200018621515,3.359999924898148,-1
18:09:16.927616,44,0.3723462934302775,1.399684776367692,-0.1307058834657918,-0.3480400092958007,25.359999433159828,0
18:09:16.927616,44,0.3885408287986564,1.4605615596616623,-0.1363907018458581,-0.4174800111504737,30.63999931514263,0
18:09:16.927616,44,0.4029510145654448,1.5147308047925556,-0.2049191761247518,-0.4174800111504737,30.759999312460423,0
18:09:16.927616,44,0.386324290442791,1.3958913919215266,-0.1307058834657918,-0.3480400092958007,32.119999282062054,0
18:09:16.927616,44,0.4031267737644389,1.456603188750845,-0.1363907018458581,-0.4174800111504737,38.35999914258719,0
18:09:16.927616,44,0.4180779224390148,1.5106256259894115,-0.2049191761247518,-0.4174800111504737,36.23999918997288,0
18:09:16.927616,44,0.400263655349923,1.3919584195056476,-0.1307058834657918,-0.3480400092958007,40.759999088943005,0
18:09:16.927616,44,0.4172746058352146,1.4511157660079046,-0.1514972135823613,-0.4174800111504737,47.8799989297986,0
18:09:16.927616,44,0.433163022870607,1.5063693858892722,-0.2049191761247518,-0.4174800111504737,41.35999907553196,0
18:09:16.927616,44,0.3961497163277043,1.3275226247948269,-0.1250210650857256,-0.3480400092958007,20.999999530613422,0
18:09:16.927616,44,0.4137685361142436,1.386564398459674,-0.145182749820197,-0.3480400092958007,51.23999885469675,0
18:09:16.927616,44,0.4317646577640465,1.4468705344078083,-0.1514972135823613,-0.4174800111504737,58.35999869555235,0
18:09:16.927616,44,0.4632017717497959,1.4974054393432243,-0.2049191761247518,-0.4174800111504737,45.35999898612499,0
18:09:16.927616,44,0.4788318044908961,1.547933087273463,-0.2781357889200671,-0.4174800111504737,18.35999958962202,0
18:09:16.927616,44,0.4090149872962565,1.322234292059537,-0.1388682860580327,-0.3480400092958007,23.519999474287037,0
18:09:16.927616,44,0.4276132604425457,1.3823574545129989,-0.145182749820197,-0.3480400092958007,62.1199986115098,0
18:09:16.927616,44,0.4462115335888349,1.4424806169664608,-0.1514972135823613,-0.4174800111504737,67.23999849706888,0
18:09:16.927616,44,0.4781524163476711,1.4926986292844608,-0.2049191761247518,-0.4174800111504737,46.879998952150345,0
18:09:16.927616,44,0.4353761093356115,1.313790099807015,-0.1388682860580327,-0.3480400092958007,25.23999943584204,0
18:09:16.927616,44,0.4551730460110086,1.3735292973719275,-0.145182749820197,-0.3480400092958007,69.75999844074249,0
18:09:16.927616,44,0.473326798015873,1.428310024074498,-0.1967198163968438,-0.3480400092958007,70.87999841570854,0
18:09:16.927616,44,0.4923859971160852,1.4858230261689875,-0.2205827840528412,-0.4174800111504737,45.35999898612499,0
18:09:16.927616,44,0.448492022453032,1.309370722418647,-0.1388682860580327,-0.3480400092958007,25.999999418854717,0
18:09:16.927616,44,0.4672632167407378,1.3641731514356048,-0.1885204566689358,-0.3480400092958007,70.51999842375517,0
18:09:16.927616,44,0.4875859937452773,1.4235054201846522,-0.1967198163968438,-0.3480400092958007,67.5199984908104,0
18:09:16.927616,44,0.5072193603161564,1.480824957842904,-0.2205827840528412,-0.4174800111504737,41.51999907195568,0
18:09:16.927616,44,0.4599662839642673,1.3003063113812543,-0.1803210969410278,-0.3480400092958007,25.51999942958355,0
18:09:16.927616,44,0.4808813576240373,1.3594323891633282,-0.1885204566689358,-0.3480400092958007,63.879998572170734,0
18:09:16.927616,44,0.5017964312838071,1.4185584669454017,-0.1967198163968438,-0.3480400092958007,58.75999868661165,0
18:09:16.927616,44,0.5220020020051449,1.4756788082616727,-0.2205827840528412,-0.4174800111504737,36.35999918729067,0
18:09:16.927616,44,0.4729461319493002,1.295641710534211,-0.1803210969410278,-0.3480400092958007,23.87999946624041,0
18:09:16.927616,44,0.4944514107744571,1.3545556847910687,-0.1885204566689358,-0.3480400092958007,53.35999880731106,0
18:09:16.927616,44,0.5152563553159556,1.411551084715824,-0.2117566818283641,-0.3480400092958007,48.35999891906977,0
18:09:16.927616,44,0.5367324439312664,1.47038509203594,-0.2205827840528412,-0.4174800111504737,30.999999307096004,0
18:09:16.927616,44,0.4858786857173727,1.2908475466016038,-0.1803210969410278,-0.3480400092958007,21.51999951899052,0
18:09:16.927616,44,0.5072825229140518,1.3477117218481482,-0.202930579603887,-0.3480400092958007,42.75999904423952,0
18:09:16.927616,44,0.5293458679883607,1.4063280301905208,-0.2117566818283641,-0.3480400092958007,38.75999913364649,0
18:09:16.927616,44,0.5514092130626697,1.4649443385328935,-0.2205827840528412,-0.4174800111504737,26.119999416172504,0
18:09:16.927616,44,0.5207340513001693,1.342571596257517,-0.202930579603887,-0.3480400092958007,33.7599992454052,0
18:09:16.927616,44,0.5433824465174536,1.4009643440404214,-0.2117566818283641,-0.3480400092958007,30.879999309778214,0
18:09:16.927616,44,0.5341335067174281,1.3372972146320687,-0.202930579603887,-0.3480400092958007,26.75999940186739,0
18:09:16.927616,44,0.557364687257141,1.395460562629647,-0.2117566818283641,-0.3480400092958007,24.759999446570877,0
18:09:16.927616,44,0.5581481253078706,1.320144492587955,-0.2460334373704426,-0.3480400092958007,21.51999951899052,0
18:09:16.927616,44,0.1397655121880635,0.0676517656131605,0.1997444524705482,-0.4174800111504737,4.119999907910824,-1
18:09:16.927616,44,1.2558269999919092,1.7223997634050063,-0.2786810051394498,0.2783200074336491,3.359999924898148,-1
18:09:16.927616,44,1.2827131590259435,1.7592748377260623,-0.3961924560497363,0.2783200074336491,4.239999905228615,-1
18:09:16.927616,44,1.373059415203029,1.769167330730567,-0.4075160768563995,0.2783200074336491,4.519999898970127,-1
18:09:16.981886,45,-3.7948701441284585,6.052911817462179,-0.0714438110525121,-1.1132800297345966,2.999999932944774,-1
18:09:16.981886,45,-3.549726587335233,6.058412040302201,-0.9180042041609554,-0.5566400148672983,2.999999932944774,-1
18:09:16.981886,45,-0.0933832437653924,0.1557868392100666,-0.1761222206120482,-0.3480400092958007,3.879999913275242,-1
18:09:16.981886,45,0.5903544937859547,6.541774316472028,2.4723487022600303,0.2088800055789761,2.999999932944774,-1
18:09:16.981886,45,0.0402271247766327,0.2091678435730477,-0.1365269121006372,1.1132800297345966,3.519999921321869,-1
18:09:16.981886,45,1.3398161052762223,6.6095205038819165,2.160272789852592,0.2088800055789761,2.999999932944774,-1
18:09:16.981886,45,0.5300882410341233,1.7763590483764773,-1.6258778023055969,-0.0697200018621515,5.519999876618385,-1
18:09:16.981886,45,0.543685759535759,1.8219251884189849,-1.6675838840234634,-0.0697200018621515,5.519999876618385,-1
18:09:16.981886,45,0.3439520979828139,1.4055113613369274,-0.145182749820197,-0.3480400092958007,31.119999304413795,0
18:09:16.981886,45,0.377939483498155,1.4801309965124207,-0.4063800928278447,-0.2783200074336491,25.63999942690134,0
18:09:16.981886,45,0.6206208166805596,1.7544702580135465,-1.8045566260141583,-0.0697200018621515,3.63999991863966,-1
18:09:16.981886,45,0.3424196550679521,1.341024072399256,-0.1388682860580327,-0.3480400092958007,25.51999942958355,0
18:09:16.981886,45,0.3579897795705027,1.40200162277974,-0.145182749820197,-0.3480400092958007,38.1199991479516,0
18:09:16.981886,45,0.3700235275269419,1.4491295999619136,-0.2567342212203174,-0.2783200074336491,33.7599992454052,0
18:09:16.981886,45,0.3927216496293388,1.476277658821712,-0.4063800928278447,-0.2783200074336491,30.35999932140112,0
18:09:16.981886,45,0.3558125511500092,1.3375328823529022,-0.1388682860580327,-0.3480400092958007,29.35999934375286,0
18:09:16.981886,45,0.3707047369487889,1.3935140109881854,-0.1885204566689358,-0.3480400092958007,46.23999896645546,0
18:09:16.981886,45,0.3989301845089347,1.4414398066852896,-0.2567342212203174,-0.2783200074336491,40.11999910324812,0
18:09:16.981886,45,0.4028039982297283,1.4554369157476412,-0.4671435787417084,-0.2783200074336491,35.51999920606613,0
18:09:16.981886,45,0.4189212545245443,1.5136728068885794,-0.4858352322956625,-0.3480400092958007,18.519999586045746,0
18:09:16.981886,45,0.3511642963899427,1.2688490747477092,-0.1721217372131199,-0.3480400092958007,5.239999882876873,0
18:09:16.981886,45,0.3678927029022107,1.329293212558135,-0.1803210969410278,-0.3480400092958007,32.87999926507473,0
18:09:16.981886,45,0.3846211094144788,1.3897373503685606,-0.1885204566689358,-0.3480400092958007,54.9999987706542,0
18:09:16.981886,45,0.4133243956727368,1.4373785000308807,-0.2567342212203174,-0.2783200074336491,46.51999896019697,0
18:09:16.981886,45,0.4173379844591224,1.451336171752933,-0.4671435787417084,-0.2783200074336491,40.11999910324812,0
18:09:16.981886,45,0.4340367840903351,1.5094079812505594,-0.4858352322956625,-0.3480400092958007,20.63999953866005,0
18:09:16.981886,45,0.381167018701891,1.3255478828226968,-0.1803210969410278,-0.3480400092958007,35.11999921500683,0
18:09:16.981886,45,0.398499020091463,1.3858217171782217,-0.1885204566689358,-0.3480400092958007,62.35999860614538,0
18:09:16.981886,45,0.4276772747432552,1.4331734567307055,-0.2567342212203174,-0.4174800111504737,51.99999883770943,0
18:09:16.981886,45,0.4462793073583746,1.4426997111438646,-0.4671435787417084,-0.2783200074336491,43.119999036192894,0
18:09:16.981886,45,0.4641361260776011,1.5004259529467112,-0.4858352322956625,-0.3480400092958007,22.11999950557947,0
18:09:16.981886,45,0.4075999775448148,1.317659950103701,-0.1803210969410278,-0.3480400092958007,35.63999920338392,0
18:09:16.981886,45,0.4255554956961379,1.375705260346038,-0.202930579603887,-0.3480400092958007,66.11999852210283,0
18:09:16.981886,45,0.4412065984376788,1.4263010218613077,-0.271677384570933,-0.4174800111504737,54.9999987706542,0
18:09:16.981886,45,0.4606837499201898,1.4381648581683302,-0.4671435787417084,-0.2783200074336491,43.75999902188778,0
18:09:16.981886,45,0.4791169285900946,1.4957096484761885,-0.4858352322956625,-0.3480400092958007,22.63999949395657,0
18:09:16.981886,45,0.4201848638043928,1.3117352308658887,-0.1941044773794098,-0.3480400092958007,33.99999924004078,0
18:09:16.981886,45,0.4392910411125364,1.3713809917230186,-0.202930579603887,-0.3480400092958007,64.51999855786562,0
18:09:16.981886,45,0.4554473104767561,1.421817715055994,-0.271677384570933,-0.4174800111504737,54.63999877870083,0
18:09:16.981886,45,0.4750421244929744,1.4334861899118745,-0.4671435787417084,-0.2783200074336491,41.75999906659126,0
18:09:16.981886,45,0.4940498198111339,1.490843774293925,-0.4858352322956625,-0.3480400092958007,22.11999950557947,0
18:09:16.981886,45,0.5136829176737789,1.4996952885133472,-0.6331612578970939,-0.3480400092958007,3.519999921321869,0
18:09:16.981886,45,0.4332809881312507,1.3074678661401624,-0.1941044773794098,-0.3480400092958007,30.999999307096004,0
18:09:16.981886,45,0.4529826577928622,1.3669195861497707,-0.202930579603887,-0.3480400092958007,58.51999869197607,0
18:09:16.981886,45,0.4696424781663598,1.4171922276703743,-0.271677384570933,-0.4174800111504737,50.87999886274338,0
18:09:16.981886,45,0.4829081950684688,1.4098486050661108,-0.527159734614971,-0.2783200074336491,37.75999915599823,0
18:09:16.981886,45,0.5089333064641074,1.485828816983262,-0.4858352322956625,-0.3480400092958007,20.63999953866005,0
18:09:16.981886,45,0.4463337847222986,1.3030697557232196,-0.1941044773794098,-0.3480400092958007,27.119999393820763,0
18:09:16.981886,45,0.4666289765869179,1.3623214897631144,-0.202930579603887,-0.3480400092958007,50.1199988797307,0
18:09:16.981886,45,0.4837906820016137,1.4124250222493129,-0.271677384570933,-0.4174800111504737,44.99999899417162,0
18:09:16.981886,45,0.5110067083637697,1.3999091249357478,-0.527159734614971,-0.2783200074336491,32.87999926507473,0
18:09:16.981886,45,0.5237659002128192,1.4806652780357294,-0.4858352322956625,-0.3480400092958007,18.639999583363533,0
18:09:16.981886,45,0.4571936111746678,1.2924680761596672,-0.2353326535205677,-0.3480400092958007,23.35999947786331,0
18:09:16.981886,45,0.4779826089509422,1.3512377424552091,-0.2460334373704426,-0.4174800111504737,41.63999906927347,0
18:09:16.981886,45,0.4978905071739877,1.4075165755093568,-0.271677384570933,-0.4174800111504737,38.6399991363287,0
18:09:16.981886,45,0.5249800158618606,1.3947291482638575,-0.527159734614971,-0.2783200074336491,27.99999937415123,0
18:09:16.981886,45,0.5459858586600658,1.4505359606172905,-0.5482527937415862,-0.3480400092958007,16.359999634325504,0
18:09:16.981886,45,0.4914708619380994,1.3463904348148132,-0.2460334373704426,-0.4174800111504737,34.11999923735857,0
18:09:16.981886,45,0.5119405437127774,1.4024673782910688,-0.271677384570933,-0.4174800111504737,32.51999927312136,0
18:09:16.981886,45,0.504018025041849,1.339038838692145,-0.2603537637642698,-0.4174800111504737,27.87999937683344,0
18:09:17.034145,46,-6.168340909901193,2.820167625196099,3.803902083425898,1.5307600408850703,2.999999932944774,-1
18:09:17.034145,46,0.1888523802738634,0.0598174249544286,1.8426289092074208,1.7396400464640465,3.2399999275803566,-1
18:09:17.034145,46,-0.0439377764755387,0.156587137906467,2.193801305777788,1.878800050180871,4.239999905228615,-1
18:09:17.034145,46,-0.4182988689459867,6.925419516093675,0.9419696016179228,-0.1391600037168245,3.879999913275242,-1
18:09:17.034145,46,-0.0707819577082452,6.891760915539995,0.3732644925284134,-0.2088800055789761,3.1199999302625656,-1
18:09:17.034145,46,0.3879447099060223,1.2910468071148713,-0.2141494404708539,-0.6263600167294499,4.359999902546406,-1
18:09:17.034145,46,0.3962168656764221,1.255804188472052,-0.1591224243062066,-0.6263600167294499,6.11999986320734,-1
18:09:17.034145,46,0.2723305456241844,1.3189867222326674,1.4514078346410026,-0.2088800055789761,25.23999943584204,0
18:09:17.034145,46,0.2749684520689393,1.2742999123900542,1.5147853387897796,-0.2783200074336491,22.75999949127436,0
18:09:17.034145,46,0.286476987290023,1.3162878666626578,1.452130990811475,-0.2783200074336491,31.239999301731583,0
18:09:17.034145,46,0.4917677826157553,1.0646468018199189,-0.1690125115862093,-0.6263600167294499,4.759999893605709,-1
18:09:17.034145,46,0.2875209496733891,1.2563262391721064,1.476686262295341,-0.2783200074336491,27.759999379515648,0
18:09:17.034145,46,0.3005947814971431,1.3134525041811902,1.4528907238986335,-0.2783200074336491,38.75999913364649,0
18:09:17.034145,46,0.3009959638444775,1.2534838971195406,1.4774478655529388,-0.2783200074336491,33.519999250769615,0
18:09:17.034145,46,0.3146825164779521,1.3104809183221364,1.4536869579298068,-0.2783200074336491,47.75999893248081,0
18:09:17.034145,46,0.3144408786713561,1.2505115407131215,1.4782443060516566,-0.2783200074336491,39.35999912023544,0
18:09:17.034145,46,0.3287387834707546,1.3073734062415936,1.4545196132822584,-0.2783200074336491,56.87999872863293,0
18:09:17.034145,46,0.3278543496738065,1.247409467185999,1.479075504148111,-0.2783200074336491,43.87999901920557,0
18:09:17.034145,46,0.3427621768606277,1.304130278688166,1.4553886066911503,-0.2783200074336491,63.75999857485294,0
18:09:17.034145,46,0.3257187767119511,1.187604113513962,1.5035889021885076,-0.2783200074336491,9.359999790787697,0
18:09:17.034145,46,0.341235035515966,1.2441779867429266,1.479941376723189,-0.2783200074336491,45.51999898254872,0
18:09:17.034145,46,0.3567512943199811,1.3007518599718917,1.4562938512578705,-0.2783200074336491,65.51999853551388,0
18:09:17.034145,46,0.3735599040730534,1.3739190025234076,1.4750180561877615,-0.2783200074336491,28.759999357163903,0
18:09:17.034145,46,0.3541003064845183,1.235502448212553,1.4679963748129206,-0.2783200074336491,43.35999903082848,0
18:09:17.034145,46,0.3707047369487889,1.2972384879318115,1.45723525645872,-0.2783200074336491,60.99999863654375,0
18:09:17.034145,46,0.4189212545245443,1.3363522458252195,1.1389518513279162,-0.2783200074336491,5.359999880194664,0
18:09:17.034145,46,0.3673933434060675,1.2320178725025963,1.4689300640603686,-0.2783200074336491,38.35999914258719,0
18:09:17.034145,46,0.3840990436004843,1.2880388145844004,1.4447818444714529,-0.2783200074336491,52.63999882340431,0
18:09:17.034145,46,0.4195293070555624,1.4233731802048235,1.4552296352906495,-0.1391600037168245,7.879999823868275,0
18:09:17.034145,46,0.3938678745508683,1.2246644088401062,1.4709004187103043,-0.2783200074336491,32.35999927669764,0
18:09:17.034145,46,0.3979581170827417,1.2842617371474363,1.4457939093204373,-0.2783200074336491,43.119999036192894,0
18:09:17.034145,46,0.4070467213431857,1.2207962562277783,1.4719368870789782,-0.2783200074336491,26.519999407231808,0
18:09:17.034145,46,0.4255554956961379,1.2763069414947856,1.4479253903915197,-0.2783200074336491,34.639999225735664,0
18:09:17.034145,46,0.4201848638043928,1.2168010012611523,1.473007412420842,-0.2783200074336491,21.51999951899052,0
18:09:17.034145,46,0.43988812365877,1.2776600949010115,1.4624812710604218,-0.2783200074336491,27.639999382197857,0
18:09:17.034145,46,0.4535983499272378,1.2733448507356544,1.4636375372496724,-0.2783200074336491,22.239999502897263,0
18:09:17.034145,46,1.3830716107369334,2.630693748377168,-0.1483219409303968,0.0697200018621515,2.999999932944774,-1
18:09:17.034145,46,1.4249091014479778,2.4604242583226617,-0.2146701234132901,0.0697200018621515,3.2399999275803566,-1
18:09:17.034145,46,0.9914855173334564,0.1811573919343859,-0.1808588369210708,0.2088800055789761,3.1199999302625656,-1
18:09:17.034145,46,0.1170392650416499,0.1302065412515448,2.182639188386143,-2.7137600724818185,2.999999932944774,-1
18:09:17.034145,46,1.2578596232927663,1.6589709143540454,0.9328236118855896,0.2088800055789761,3.2399999275803566,-1
18:09:17.088623,47,-0.0367126210873605,0.2402509320213135,2.07028996511818,-2.7137600724818185,3.359999924898148,-1
18:09:17.088623,47,0.2406812369283774,1.2168439925484402,-0.0575155013512249,-0.0697200018621515,5.519999876618385,-1
18:09:17.088623,47,0.3331747543411016,1.3014958092835591,-0.2169492421636647,-0.2088800055789761,4.359999902546406,-1
18:09:17.088623,47,0.3343158077728884,1.2348384829911525,-0.1079208954937049,-0.0697200018621515,10.759999759495258,-1
18:09:17.088623,47,0.3428914844804359,1.2665138491268884,-0.1619920692298815,-0.4174800111504737,8.999999798834324,-1
18:09:17.088623,47,0.2205044959837706,1.2838729909555986,1.5122202401190623,-0.2088800055789761,27.519999384880062,0
18:09:17.088623,47,0.230531030398561,1.3422518311266567,1.4900404631151305,-0.1391600037168245,35.759999200701714,0
18:09:17.088623,47,0.2341569705314087,1.2816771264421516,1.5128086202421287,-0.2088800055789761,35.35999920964241,0
18:09:17.088623,47,0.2439573811688709,1.3239738467826927,1.45007153864527,-0.1391600037168245,45.51999898254872,0
18:09:17.088623,47,0.2469288002369137,1.2640704020643088,1.4746112201023205,-0.2088800055789761,46.35999896377325,0
18:09:17.088623,47,0.2581568711319423,1.3215488010079226,1.4507213277022282,-0.1391600037168245,58.35999869555235,0
18:09:17.088623,47,0.2604860161342551,1.26161975631813,1.4752678686509435,-0.2088800055789761,60.87999863922596,0
18:09:17.088623,47,0.2723305456241844,1.3189867222326674,1.4514078346410026,-0.2088800055789761,74.1199983432889,0
18:09:17.088623,47,0.2740171836482186,1.2590382826389943,1.47595957243855,-0.2088800055789761,78.11999825388193,0
18:09:17.088623,47,0.286476987290023,1.3162878666626578,1.452130990811475,-0.2088800055789761,90.3599979802966,0
18:09:17.088623,47,0.2871306828498645,1.2509902139489888,1.4638464404912803,-0.2088800055789761,93.1199979186058,0
18:09:17.088623,47,0.3005947814971431,1.3134525041811902,1.4528907238986335,-0.2088800055789761,101.75999772548676,0
18:09:17.088623,47,0.2869194315194033,1.1913971671055157,1.4889518026663646,-0.2088800055789761,24.63999944925308,0
18:09:17.088623,47,0.3005874066981661,1.2481517299520029,1.4646070099860014,-0.2088800055789761,97.75999781489372,0
18:09:17.088623,47,0.3142553818769288,1.304906292798491,1.440262217305638,-0.2088800055789761,101.75999772548676,0
18:09:17.088623,47,0.3283690691114267,1.3674779395247325,1.4299260503066749,-0.2783200074336491,30.35999932140112,0
18:09:17.088623,47,0.3140140720576302,1.2451834080762654,1.4654023694354807,-0.2088800055789761,88.51999802142382,0
18:09:17.088623,47,0.3282925695828964,1.3018029987023072,1.4410937424525865,-0.2088800055789761,90.51999797672032,0
18:09:17.088623,47,0.3110600835505895,1.1696520351315318,1.4540366577300363,-0.2088800055789761,22.11999950557947,0
18:09:17.088623,47,0.3258780464838035,1.2253707255642712,1.4280286129937718,-0.2783200074336491,71.75999839603901,0
18:09:17.088623,47,0.3422969283069493,1.298564273211025,1.4419615563324817,-0.2088800055789761,73.99999834597111,0
18:09:17.088623,47,0.3984462459799889,1.3048624973229748,1.0827700894047043,-0.2088800055789761,10.519999764859676,0
18:09:17.088623,47,0.3391780736672001,1.2221587244574177,1.4288892660964412,-0.2783200074336491,55.23999876528978,0
18:09:17.088623,47,0.3562670576249482,1.2951904401944794,1.4428655721646626,-0.2088800055789761,58.11999870091677,0
18:09:17.088623,47,0.4287946904248924,1.2561921574009518,0.926703370941392,-0.2088800055789761,4.359999902546406,0
18:09:17.088623,47,0.3656750488645325,1.215350139307316,1.4307136209890094,-0.2783200074336491,41.879999063909054,0
18:09:17.088623,47,0.3702015605356655,1.2916818370331455,1.4438056995483033,-0.2088800055789761,45.2399989888072,0
18:09:17.088623,47,0.4074645439245822,1.316931175185148,1.226413724824264,-0.2783200074336491,18.999999575316902,0
18:09:17.088623,47,0.3782000596814638,1.205960856347302,1.4190487872300674,-0.2783200074336491,32.119999282062054,0
18:09:17.088623,47,0.3840990436004843,1.2880388145844004,1.4447818444714529,-0.2783200074336491,35.51999920606613,0
18:09:17.088623,47,0.391333230086844,1.2022442650648475,1.4200446448627977,-0.2783200074336491,25.11999943852425,0
18:09:17.088623,47,0.4098515168338575,1.262961308569293,1.4068779800030686,-0.2783200074336491,28.11999937146902,0
18:09:17.088623,47,0.4044272674970749,1.1984010050427472,1.4210744432820224,-0.2783200074336491,19.999999552965164,0
18:09:17.088623,47,1.4472093725932476,2.658246305530924,0.043439537126237,0.1391600037168245,3.359999924898148,-1
18:09:17.088623,47,0.1257752791240363,0.2168462506563565,2.034165608703493,-3.270400087349117,3.519999921321869,-1
18:09:17.149380,48,-1.96444590187296,1.1132540875883026,1.3877268542437051,0.4174800111504737,3.759999915957451,0
18:09:17.149380,48,-1.939378894869582,1.1509633956555338,1.377622675599954,0.4174800111504737,3.879999913275242,0
18:09:17.149380,48,-1.9135361622009728,1.188180937017837,1.3676502654476532,0.4174800111504737,3.879999913275242,0
18:09:17.149380,48,-1.9601412440572812,1.1069220005293356,1.160609276676891,0.3480400092958007,3.759999915957451,0
18:09:17.149380,48,-1.8869280406151745,1.2248918251555585,1.3578136126177214,0.4174800111504737,3.759999915957451,0
18:09:17.149380,48,-1.9471789039770109,1.1257930645794898,1.155552790304336,0.3480400092958007,3.63999991863966,0
18:09:17.149380,48,-1.8733402730392823,1.243052677479993,1.3529474269035282,-2.574600068764994,3.759999915957451,0
18:09:17.149380,48,-0.1213973244374833,-0.0105483730523162,1.7782784910616507,-0.4872000130126253,3.879999913275242,-1
18:09:17.149380,48,-0.1862785936614619,3.3390089115226647,0.0788436425372867,-0.1391600037168245,4.519999898970127,-1
18:09:17.149380,48,-0.1099635181380765,3.287081836402048,0.1095914085806395,-0.1391600037168245,5.519999876618385,-1
18:09:17.149380,48,0.0167952408942456,1.2007267721444834,-0.0077932932626882,-0.6263600167294499,3.879999913275242,1
18:09:17.149380,48,0.0360481623118769,3.233668177692336,0.1407375034961715,-0.1391600037168245,3.879999913275242,-1
18:09:17.149380,48,0.1206360561218748,1.2290641822630168,-0.0607898913166007,-0.6263600167294499,8.639999806880951,1
18:09:17.149380,48,0.1414640568802582,1.2601402434193243,-0.1147004817675196,-0.6263600167294499,10.519999764859676,1
18:09:17.149380,48,0.1993130614034878,1.2874742036665103,-0.1676083793018432,-0.0697200018621515,7.519999831914902,1
18:09:17.149380,48,0.2684405227151422,3.076049454349704,0.5429606697056162,-0.1391600037168245,3.879999913275242,-1
18:09:17.149380,48,0.5522759030805671,6.254010846102382,-1.2756658372735163,-0.6958000185841229,2.999999932944774,-1
18:09:17.149380,48,0.2963170206768023,3.0163611458772586,0.5706771786555223,-0.1391600037168245,4.119999907910824,-1
18:09:17.149380,48,0.1589989717151006,1.3567278470691044,1.5011491812374274,-0.1391600037168245,32.239999279379845,2
18:09:17.149380,48,0.16389711963703,1.3630794611777652,1.353502834155571,-0.2783200074336491,33.2399992570281,2
18:09:17.149380,48,0.2719511774750011,1.421647621373809,-0.1505165190147042,-0.1391600037168245,3.359999924898148,1
18:09:17.149380,48,0.7445566860182742,6.044692341509832,-1.4875733080970566,-0.2088800055789761,3.2399999275803566,-1
18:09:17.149380,48,0.1658457349520243,1.296183904982534,1.5232572386849603,-0.1391600037168245,29.11999934911728,2
18:09:17.149380,48,0.1733868871703676,1.3551225333003956,1.5015793237653514,-0.1391600037168245,40.3599990978837,2
18:09:17.149380,48,0.1787282715323062,1.3614246938546375,1.3539462277234646,-0.2783200074336491,40.99999908357859,2
18:09:17.149380,48,0.1795912893507404,1.2945155584012609,1.523704270804108,-0.1391600037168245,37.63999915868044,2
18:09:17.149380,48,0.1875786396677742,1.348310229305984,1.4884171202155534,-0.1391600037168245,51.35999885201454,2
18:09:17.149380,48,0.1935415507501678,1.3596267537335125,1.3544279843269598,-0.2783200074336491,50.75999886542559,2
18:09:17.149380,48,0.1837149766028149,1.2146955726907624,1.4963297675803031,-0.1391600037168245,23.35999947786331,2
18:09:17.149380,48,0.1931347635349406,1.2878685724885883,1.511149627274005,-0.1391600037168245,49.359998896718025,2
18:09:17.149380,48,0.2012182298811099,1.330424429738687,1.4483431101515014,-0.1391600037168245,66.63999851047993,2
18:09:17.149380,48,0.2083354759751037,1.3576858206068951,1.3549480557907996,-0.2783200074336491,63.11999858915806,2
18:09:17.149380,48,0.214719829689815,1.2017501892506204,0.9957775758107436,-0.0697200018621515,29.639999337494373,2
18:09:17.149380,48,0.1967422260965309,1.2128580902300294,1.496822119521763,-0.1391600037168245,26.99999939650297,2
18:09:17.149380,48,0.206829971171273,1.285936875099973,1.511667224029306,-0.1391600037168245,65.63999853283167,2
18:09:17.149380,48,0.2154866370181736,1.3284118830480287,1.448882370411993,-0.1391600037168245,86.63999806344509,2
18:09:17.149380,48,0.2231085678269856,1.355602088566473,1.3555063901082736,-0.1391600037168245,77.75999826192856,2
18:09:17.149380,48,0.2289159910207917,1.1996075749599064,0.996351687579632,-0.0697200018621515,33.519999250769615,2
18:09:17.149380,48,0.2097498015324679,1.210894868175363,1.4973481632858738,-0.1391600037168245,30.23999932408333,2
18:09:17.149380,48,0.2197416486022692,1.2685782426148977,1.4734033478671815,-0.1391600037168245,85.9999980777502,2
18:09:17.149380,48,0.2297334956720704,1.3262616170544317,1.4494585324484897,-0.1391600037168245,111.11999751627444,2
18:09:17.149380,48,0.2378593490090055,1.3533757659837036,1.3561029314464177,-0.1391600037168245,92.999997921288,2
18:09:17.149380,48,0.2433778379473843,1.3515426819890983,1.217139599527321,-0.1391600037168245,36.87999917566776,2
18:09:17.149380,48,0.2227364021639803,1.2088061028473236,1.4979078462687,-0.1391600037168245,32.35999927669764,2
18:09:17.149380,48,0.2333468916664256,1.2663899748150085,1.473989692456985,-0.1391600037168245,106.23999762535097,2
18:09:17.149380,48,0.2436262453948263,1.318380906620283,1.4366517054137673,-0.1391600037168245,135.11999697983265,2
18:09:17.149380,48,0.2525863444554032,1.3510070754889802,1.3567376201515982,-0.1391600037168245,105.35999764502048,2
18:09:17.149380,48,0.2609891395967076,1.3793216205908707,1.2732763001982004,-0.1391600037168245,39.11999912559986,2
18:09:17.149380,48,0.2353808007417355,1.2014885781056297,1.4862478172383935,-0.1391600037168245,32.87999926507473,2
18:09:17.149380,48,0.2465936312044843,1.258723865294619,1.4617742148586743,-0.1391600037168245,116.35999739915133,2
18:09:17.149380,48,0.2578064616672332,1.3159591524836092,1.437300612478956,-0.1391600037168245,148.5199966803193,2
18:09:17.149380,48,0.2672880814789724,1.348496253949368,1.357410392755476,-0.1391600037168245,110.1199975386262,2
18:09:17.149380,48,0.2761799596096869,1.376727271499208,1.2739714539421958,-0.1391600037168245,39.51999911665917,2
18:09:17.149380,48,0.2483039928954379,1.1991525405210453,1.4868737566226715,-0.1391600037168245,31.5199992954731,2
18:09:17.149380,48,0.2601324452024508,1.2562765459346816,1.462429972104791,-0.1391600037168245,108.99999756366014,2
18:09:17.149380,48,0.2706889394457463,1.295856305028057,1.3980637922669183,-0.1391600037168245,142.99999680370092,2
18:09:17.149380,48,0.2819630899183278,1.3458435524449175,1.3581211819813543,-0.1391600037168245,105.1199976503849,2
18:09:17.149380,48,0.2913431618580888,1.3739863225189843,1.2747058890079417,-0.1391600037168245,38.1199991479516,2
18:09:17.149380,48,0.26120235485788,1.1966917933700216,1.4875331118345656,-0.1391600037168245,28.759999357163903,2
18:09:17.149380,48,0.2736452461738363,1.2536985762212012,1.46312073700763,-0.1391600037168245,89.99999798834324,2
18:09:17.149380,48,0.2847501064833262,1.2931737181361285,1.3987825892582368,-0.1391600037168245,122.5199972614646,2
18:09:17.149380,48,0.2966099022849204,1.3430492362435564,1.3588699167509062,-0.1391600037168245,92.999997921288,2
18:09:17.149380,48,0.3064772300343926,1.3710990477428011,1.2754795319525467,-0.1391600037168245,35.35999920964241,2
18:09:17.149380,48,0.2727927529920908,1.1781120474563942,1.451769804259632,-0.1391600037168245,25.23999943584204,2
18:09:17.149380,48,0.2857877758704563,1.23423374732581,1.425653773470268,-0.1391600037168245,69.35999844968319,2
18:09:17.149380,48,0.2982549872476469,1.2842571206974696,1.3863462915299318,-0.1391600037168245,97.75999781489372,2
18:09:17.149380,48,0.3112270539097845,1.340113584774564,1.359656522191282,-0.1391600037168245,78.11999825388193,2
18:09:17.149380,48,0.2986530468390085,1.2255804390223872,1.4137917358964427,-0.1391600037168245,52.63999882340431,2
18:09:17.149380,48,0.3122330649645062,1.2813086653115071,1.3871363277695197,-0.1391600037168245,75.99999830126762,2
18:09:17.149380,48,0.3258130830900039,1.3370368916006274,1.3604809196425969,-0.1391600037168245,63.999998569488525,2
18:09:17.149380,48,0.3119933080380357,1.2226312190869093,1.4145819769964558,-0.1391600037168245,40.11999910324812,2
18:09:17.149380,48,0.3261799196364582,1.278225341737698,1.3879625018311257,-0.1391600037168245,58.999998681247234,2
18:09:17.149380,48,0.352789194161611,1.3106265149649887,1.3213215846158135,-0.2088800055789761,51.99999883770943,2
18:09:17.149380,48,0.3253023701676473,1.219553291733463,1.4154067051451733,-0.1391600037168245,31.239999301731583,2
18:09:17.149380,48,0.3518830212626982,1.252666767227047,1.3505020607951936,-0.2088800055789761,46.35999896377325,2
18:09:17.149380,48,0.3671875432464463,1.3071492654406351,1.3222533108177457,-0.2088800055789761,42.51999904960394,2
18:09:17.149380,48,0.0751354508409632,0.1368438735218741,2.1990914975255933,2.852920076198643,3.999999910593033,-1
18:09:17.149380,48,-0.2196429626650652,0.0385163683056035,1.880490735067156,-2.574600068764994,4.119999907910824,-1
18:09:17.199909,49,-1.977662580036705,1.0175765168454547,-0.4844618732012599,0.3480400092958007,3.759999915957451,0
18:09:17.199909,49,-1.985438530284559,1.1234850422430105,-0.518725334111946,0.3480400092958007,3.759999915957451,0
18:09:17.199909,49,-1.882768668689028,1.1668117238598368,-0.524449326403055,0.3480400092958007,3.63999991863966,0
18:09:17.199909,49,-1.9350850303780256,1.1992338398550633,-0.5390221632597242,0.3480400092958007,3.759999915957451,0
18:09:17.199909,49,-1.8700468312670773,1.1849365815589714,-0.5293058673864671,0.3480400092958007,3.519999921321869,0
18:09:17.199909,49,-1.9220096921468763,1.2178623317110218,-0.544013652608738,0.3480400092958007,3.759999915957451,0
18:09:17.199909,49,-1.9737671662247789,1.2506579405581233,-0.5586633042925809,0.5566400148672983,3.359999924898148,0
18:09:17.199909,49,-1.844043437947214,1.2208131337721178,-0.5389189605791928,0.3480400092958007,3.359999924898148,0
18:09:17.199909,49,-1.8952837443503605,1.2547357831784156,-0.5538938641515744,0.3480400092958007,3.63999991863966,0
18:09:17.199909,49,-1.9463215198981585,1.2885243509665072,-0.5688095783817728,0.5566400148672983,3.359999924898148,0
18:09:17.199909,49,-0.0830090927940816,0.2149443535293908,-0.104486465534368,-1.2524400334514212,4.639999896287918,-1
18:09:17.199909,49,-0.1230189471350527,1.2954954651934418,-1.9441755600358848,0.2088800055789761,3.1199999302625656,-1
18:09:17.199909,49,-0.1129201167847192,1.4295553339870946,-1.9275962732391756,-0.0697200018621515,6.239999860525131,-1
18:09:17.199909,49,-0.0703295249258246,3.07423402966982,-2.1116120081765857,-0.0697200018621515,9.239999793469906,-1
18:09:17.199909,49,-0.0736849695342054,3.263247944265704,-2.054338179320548,-0.0697200018621515,4.119999907910824,-1
18:09:17.199909,49,-0.0386515899907088,1.4701768388811745,-1.979143692880904,-0.0697200018621515,7.1199998408555984,-1
18:09:17.199909,49,-0.0345725952172796,3.022814355487828,-2.076083319131671,-0.0697200018621515,4.239999905228615,-1
18:09:17.199909,49,-0.035762803178608,3.126878794067237,-2.1475552719683666,-0.0697200018621515,8.999999798834324,-1
18:09:17.199909,49,0.0,1.7199859933142752,-2.875908595473714,-0.2088800055789761,8.639999806880951,-1
18:09:17.199909,49,0.0338538385831103,3.1553665871712937,-1.303694668256938,-0.0697200018621515,4.519999898970127,-1
18:09:17.199909,49,0.038023800234679,1.9009365554729176,-1.6675838840234634,-0.0697200018621515,6.239999860525131,-1
18:09:17.199909,49,0.0586211663173319,2.9306675631922072,-1.4889769246838838,-0.2088800055789761,5.359999880194664,-1
18:09:17.199909,49,0.210000371168182,6.997912399059452,0.4908764006880005,-0.2088800055789761,3.2399999275803566,-1
18:09:17.199909,49,0.1168619620382688,1.9453616105206608,-1.7092899657413296,-0.0697200018621515,3.359999924898148,-1
18:09:17.199909,49,0.1260202657955126,1.3964425558094675,-0.72995745136523,0.0697200018621515,14.119999684393406,-1
18:09:17.199909,49,0.1576508789373398,1.3074452567183912,-0.7540156296853034,-0.0697200018621515,10.519999764859676,-1
18:09:17.199909,49,0.2272984532626985,1.4084720409613811,-0.816870968832052,-0.1391600037168245,7.999999821186066,-1
18:09:17.199909,49,0.2044250667940151,1.2667353733298998,-0.3413387115307106,-0.1391600037168245,11.879999734461308,-1
18:09:17.199909,49,0.2141632595823574,1.3270788207884696,-0.3575990568549941,-0.1391600037168245,26.6399994045496,-1
18:09:17.199909,49,0.2377642485283579,1.3851139205578773,-0.3738594021792776,-0.1391600037168245,19.879999555647373,-1
18:09:17.199909,49,0.308805697193129,1.448823134205373,-0.8481744183675868,-0.1391600037168245,5.119999885559082,-1
18:09:17.199909,49,0.0820781477817413,0.1888455061914911,-0.1470018997446188,-0.6958000185841229,3.999999910593033,-1
18:09:17.199909,49,1.0070755598876318,1.3247431761837634,-1.8195543338667524,-0.2783200074336491,4.239999905228615,-1
18:09:17.199909,49,1.016145367279715,1.393670099622759,-1.6724649605551225,-0.2783200074336491,3.879999913275242,-1
18:09:17.199909,49,2.555034576371156,1.9455610375138008,-0.289813389194049,1.1830000315967482,2.999999932944774,-1
18:09:17.199909,49,2.5681962550207857,1.8365477301781643,-0.1579966528328129,1.1830000315967482,3.519999921321869,-1
18:09:17.258482,50,-2.0692700725742803,0.8415510330491824,1.5627040130292489,0.4872000130126253,4.119999907910824,0
18:09:17.258482,50,-2.1073088922372545,0.9058345646357732,1.5395939355951611,0.4872000130126253,5.759999871253967,0
18:09:17.258482,50,-2.13246005024348,0.9924840393674028,1.5105141840382652,0.4872000130126253,3.879999913275242,0
18:09:17.258482,50,-6.110589665055667,3.421871980951258,2.45532826932748,-0.2088800055789761,2.999999932944774,-1
18:09:17.258482,50,-1.985438530284559,1.1234850422430105,1.481274665888054,0.4872000130126253,5.119999885559082,0
18:09:17.258482,50,-1.91133574872337,1.0831564936408946,1.40428008205695,0.4872000130126253,3.63999991863966,0
18:09:17.258482,50,-1.9606538980225168,1.1616026378802349,1.4710610869196437,0.4872000130126253,4.8799998909235,0
18:09:17.258482,50,-1.8869464455853329,1.1198463044928015,1.3944490768687308,0.4872000130126253,3.519999921321869,0
18:09:17.258482,50,-1.939378894869582,1.1509633956555338,1.377622675599954,0.4872000130126253,4.639999896287918,0
18:09:17.258482,50,-1.9916041012712848,1.1819574943630775,1.3608627818460737,0.4872000130126253,3.519999921321869,0
18:09:17.258482,50,-1.8618023890617503,1.1560576438926482,1.3847462777196924,0.4872000130126253,3.359999924898148,0
18:09:17.258482,50,-1.9135361622009728,1.188180937017837,1.3676502654476532,0.4872000130126253,4.359999902546406,0
18:09:17.258482,50,-1.96506545402344,1.2201772606049808,1.3506218263466496,0.4872000130126253,3.359999924898148,0
18:09:17.258482,50,-0.1080942671194469,0.1593747420144592,2.16408634039512,-2.017960053897696,3.519999921321869,-1
18:09:17.258482,50,-0.3805768860537005,2.104668060693747,-0.5796774323186553,-0.1391600037168245,3.359999924898148,-1
18:09:17.258482,50,-0.320329394713192,2.071643601492121,-0.5327816638249465,-0.2088800055789761,4.119999907910824,-1
18:09:17.258482,50,-0.3510852434645824,3.057943124289645,-0.1072468732359963,-0.0697200018621515,15.75999964773655,1
18:09:17.258482,50,-0.3570382336526757,3.1097935103525955,-0.142977283994572,-0.0697200018621515,15.519999653100967,1
18:09:17.258482,50,-0.3160768546929468,3.061165296573762,-0.1081102516973993,-0.0697200018621515,18.519999586045746,1
18:09:17.258482,50,-0.321436243757843,3.11307031768717,-0.1438553018736237,-0.0697200018621515,18.23999959230423,1
18:09:17.258482,50,-0.2810368585006514,3.064049158325549,-0.1088829801248736,-0.0697200018621515,21.359999522566795,1
18:09:17.258482,50,-0.2858021105079341,3.1160030781068206,-0.1446411326596628,-0.0697200018621515,21.239999525249004,1
18:09:17.258482,50,-0.2459687588579588,3.0665944211612466,-0.1095649812462236,-0.0697200018621515,24.119999460875988,1
18:09:17.258482,50,-0.2501393972864196,3.118591498337964,-0.14533469777027,-0.0697200018621515,24.119999460875988,1
18:09:17.258482,50,-0.2108760625454533,3.0688008305567047,-0.1101561868619094,-0.0697200018621515,26.119999416172504,1
18:09:17.258482,50,-0.2144516703347435,3.120835319540744,-0.1459359278495151,-0.0697200018621515,26.239999413490292,1
18:09:17.258482,50,-0.1757622788033653,3.0706681658728314,-0.1106565378518635,-0.0697200018621515,26.87999939918518,1
18:09:17.258482,50,-0.1787424983957017,3.12273431733492,-0.1464447627748928,-0.0697200018621515,26.99999939650297,1
18:09:17.258482,50,-0.1817227179880381,3.1748004687970086,-0.182232987697922,-0.0697200018621515,9.519999787211418,1
18:09:17.258482,50,-0.1382558106378371,3.020310076409081,-0.0754122995748982,-0.0697200018621515,8.999999798834324,1
18:09:17.258482,50,-0.1406309189806508,3.0721962403776604,-0.111065984181407,-0.0697200018621515,25.999999418854717,1
18:09:17.258482,50,-0.143015452356571,3.1242883018223053,-0.1468611516633382,-0.0697200018621515,26.119999416172504,1
18:09:17.258482,50,-0.0703295249258246,3.07423402966982,-0.1116120081765856,-0.0697200018621515,23.9999994635582,1
18:09:17.258482,50,-0.0712654584673176,3.104731113796622,-0.1785797122185646,-0.0697200018621515,23.9999994635582,1
18:09:17.258482,50,-0.03504036758927,3.0534728176084656,-0.1423917263416623,-0.0697200018621515,21.359999522566795,1
18:09:17.258482,50,-0.0356345109442787,3.105247405293939,-0.17871805210833,-0.0697200018621515,21.239999525249004,1
18:09:17.258482,50,0.1083077881365381,1.331514874710752,0.0031664166074913,-0.0697200018621515,3.63999991863966,-1
18:09:17.258482,50,0.1140105707376919,1.4016237744613909,-0.1019738324244139,-0.0697200018621515,3.63999991863966,-1
18:09:17.258482,50,0.1481430666213403,1.3640645737869828,-0.0487325619546039,-0.0697200018621515,4.639999896287918,-1
18:09:17.258482,50,0.099262812213298,1.2853447893754544,1.327037200183998,-0.1391600037168245,25.23999943584204,2
18:09:17.258482,50,0.1093653853984807,1.2532136753314602,1.4063874325431682,-0.0697200018621515,25.63999942690134,2
18:09:17.258482,50,0.1134148460149565,1.2843176266249223,1.3273124276134984,-0.1391600037168245,30.999999307096004,2
18:09:17.258482,50,0.123001186440296,1.2520914216398888,1.4066881395135278,-0.0697200018621515,29.999999329447743,2
18:09:17.258482,50,0.1275555384270325,1.2831538193640095,1.3276242688292057,-0.1391600037168245,37.99999915063381,2
18:09:17.258482,50,0.1369520012880728,1.11515463671854,0.8880444768702276,-0.2088800055789761,27.239999391138557,-1
18:09:17.258482,50,0.1355212063059691,1.2261015617711533,1.3572013171547792,-0.1391600037168245,34.23999923467636,2
18:09:17.258482,50,0.141683475392132,1.2818534839724651,1.3279726926472597,-0.1391600037168245,45.51999898254872,2
18:09:17.258482,50,0.1600808806930393,1.2035327119123629,0.89156895580304,-0.2088800055789761,12.519999720156193,-1
18:09:17.258482,50,0.1490211219409297,1.224727316432176,1.3575695450835603,-0.1391600037168245,37.51999916136265,2
18:09:17.258482,50,0.1557972441283948,1.2804167504827404,1.32835766422557,-0.1391600037168245,51.99999883770943,2
18:09:17.258482,50,0.1773377597008494,1.2010772979621989,0.8000775357945349,-0.1391600037168245,3.759999915957451,-1
18:09:17.258482,50,0.1551168379063209,1.1676017230519564,1.3871662436741343,-0.1391600037168245,11.879999734461308,2
18:09:17.258482,50,0.1625061355885463,1.2232227428094682,1.3579726943707182,-0.1391600037168245,39.11999912559986,2
18:09:17.258482,50,0.1698954332707718,1.27884376256698,1.328779145067302,-0.1391600037168245,55.63999875634909,2
18:09:17.258482,50,0.1772847309529972,1.3344647823244915,1.2995855957638855,-0.1391600037168245,44.11999901384115,2
18:09:17.258482,50,0.1759748987587518,1.221587991359131,1.3584107247016617,-0.1391600037168245,38.35999914258719,2
18:09:17.258482,50,0.1839766330121602,1.2771346775226575,1.329237093024724,-0.1391600037168245,54.63999877870083,2
18:09:17.258482,50,0.1894260645865134,1.2198232255549402,1.3588835922737246,-0.1391600037168245,35.759999200701714,2
18:09:17.258482,50,0.1980394352443833,1.2752896662568454,1.3297314623034249,-0.1391600037168245,49.63999889045954,2
18:09:17.258482,50,0.2008819847765146,1.1913107913587266,1.3105754498218611,-0.1391600037168245,31.75999929010868,2
18:09:17.258482,50,0.2120824336989994,1.2733089132691249,1.3302622034668905,-0.1391600037168245,42.63999904692173,2
18:09:17.258482,50,0.2141632595823574,1.1893062600960531,1.3111125623548974,-0.1391600037168245,27.519999384880062,2
18:09:17.258482,50,0.2261042240879286,1.271192616633135,1.3308292634414485,-0.1391600037168245,35.35999920964241,2
18:09:17.258482,50,0.2401034042438792,1.2689409879767664,1.331432585521577,-0.1391600037168245,28.999999351799488,2
18:09:17.258482,50,0.2540785742605643,1.2665542524609985,1.332072109375574,-0.2088800055789761,23.75999946892261,2
18:09:17.258482,50,2.308903503966948,2.2260795643019438,-4.24254532417023,2.852920076198643,3.359999924898148,-1
18:09:17.258482,50,2.581593225822435,1.817992727206554,1.3460274486556512,1.1132800297345966,3.359999924898148,-1
18:09:17.258482,50,2.6322323238324423,1.85365346220293,1.3331994865305064,1.1132800297345966,2.999999932944774,-1
18:09:17.306672,51,-1.9115577879250727,1.1300099962492862,1.2635999716651782,0.4174800111504737,3.359999924898148,-1
18:09:17.306672,51,-0.3510852434645824,3.057943124289645,-0.1072468732359963,0.0697200018621515,15.359999656677246,0
18:09:17.306672,51,-0.3160768546929468,3.061165296573762,-0.1081102516973993,0.0697200018621515,17.11999961733818,0
18:09:17.306672,51,-0.2799777607400633,3.092762961320592,0.0493197190122161,0.0697200018621515,8.359999813139439,0
18:09:17.306672,51,-0.2810368585006514,3.064049158325549,-0.1088829801248736,0.0697200018621515,18.11999959498644,0
18:09:17.306672,51,-0.2459687588579588,3.0665944211612466,-0.1095649812462236,0.0697200018621515,18.23999959230423,0
18:09:17.306672,51,-0.2108760625454533,3.0688008305567047,-0.1101561868619094,0.0697200018621515,17.359999611973763,0
18:09:17.306672,51,-0.2144516703347435,3.120835319540744,-0.1459359278495151,0.0697200018621515,14.999999664723871,0
18:09:17.306672,51,-0.1757622788033653,3.0706681658728314,-0.1106565378518635,0.0697200018621515,15.87999964505434,0
18:09:17.306672,51,-0.1817227179880381,3.1748004687970086,-0.182232987697922,-0.0697200018621515,4.759999893605709,0
18:09:17.306672,51,-0.1406309189806508,3.0721962403776604,-0.111065984181407,0.0697200018621515,13.879999689757824,0
18:09:17.306672,51,-0.0703295249258246,3.07423402966982,-0.1116120081765856,0.0697200018621515,11.879999734461308,0
18:09:17.306672,51,0.0,1.2331442402081607,-0.0618831395480743,0.0697200018621515,4.359999902546406,-1
18:09:17.306672,51,0.0,1.2656089116725378,-0.1161658070096418,0.0697200018621515,4.759999893605709,-1
18:09:17.306672,51,0.0123400179013034,1.1204930244515492,1.4140789233977902,-0.2088800055789761,3.1199999302625656,1
18:09:17.306672,51,0.0907419877795695,1.2958818758230692,-0.1698612082664188,0.0697200018621515,3.999999910593033,-1
18:09:17.306672,51,0.0641294879714801,1.1495090639201966,1.3386101371307144,-0.2088800055789761,15.639999650418758,1
18:09:17.306672,51,0.0671844230979694,1.2042682040391588,1.3071035215581426,-0.2088800055789761,35.51999920606613,1
18:09:17.306672,51,0.0709303821999395,1.2869887841583223,1.3265966931095676,0.0697200018621515,39.63999911397696,1
18:09:17.306672,51,0.0888021614124866,1.3421777022080368,1.2975189251098036,0.0697200018621515,28.23999936878681,1
18:09:17.306672,51,0.1357299289648679,1.3318818095680578,1.1595007248097238,-0.1391600037168245,16.759999625384808,1
18:09:17.306672,51,0.164046077175368,1.257319570035903,0.9535905963179354,-0.1391600037168245,5.639999873936176,1
18:09:17.306672,51,0.1012152377904268,0.1654418858255753,2.162460654110568,-0.5566400148672983,3.63999991863966,-1
18:09:17.368498,52,-0.1757014450432129,0.0809707318403268,1.8369608977100969,2.574600068764994,3.519999921321869,-1
18:09:17.368498,52,-1.289037829288936,5.927732824715131,-1.774155552221635,-2.017960053897696,2.999999932944774,-1
18:09:17.368498,52,-1.2073665563933431,6.96803100950176,2.369400680691408,-0.0697200018621515,2.999999932944774,-1
18:09:17.368498,52,-0.5325443095646348,3.118250644258134,0.0232157775149464,-0.1391600037168245,23.639999471604824,0
18:09:17.368498,52,-0.5415741138887321,3.17112360270578,-0.0103025126994307,0.0697200018621515,18.879999577999115,0
18:09:17.368498,52,-0.4972819882785411,3.123224364683093,0.0218830731437003,-0.1391600037168245,27.99999937415123,0
18:09:17.368498,52,-0.5057138858078267,3.1761816573755954,-0.0116578143634802,0.0697200018621515,22.359999500215054,0
18:09:17.368498,52,-0.4619699392102427,3.127857234240245,0.0206416994872227,0.0697200018621515,32.75999926775694,0
18:09:17.368498,52,-0.4698030867620281,3.180893081721164,-0.0129202367120759,0.0697200018621515,26.119999416172504,0
18:09:17.368498,52,-0.426611693535062,3.132148789646517,0.0194917806818391,0.0697200018621515,37.35999916493893,0
18:09:17.368498,52,-0.4338453078011548,3.1852574046039965,-0.0140896535040395,0.0697200018621515,29.879999332129955,0
18:09:17.368498,52,-0.3912107870479435,3.1360986017499606,0.0184334317184666,0.0697200018621515,40.99999908357859,0
18:09:17.368498,52,-0.3978441446729773,3.189274189595463,-0.0151659477986725,0.0697200018621515,32.87999926507473,0
18:09:17.368498,52,-0.3497621657831971,3.0866799380990284,0.0509496601719736,0.0697200018621515,18.639999583363533,0
18:09:17.368498,52,-0.3557707598098769,3.139706275572677,0.0174667584311145,0.0697200018621515,42.63999904692173,0
18:09:17.368498,52,-0.3618031974636467,3.192943035020428,-0.0161490119674461,0.0697200018621515,34.35999923199415,0
18:09:17.368498,52,-0.3678356351174164,3.246179794468179,-0.0497647823660072,0.0697200018621515,11.119999751448631,0
18:09:17.368498,52,-0.3160768546929468,3.061165296573762,-0.1081102516973993,0.0697200018621515,41.75999906659126,0
18:09:17.368498,52,-0.3257260702376887,3.196263573997424,-0.0170387477047686,0.0697200018621515,33.99999924004078,0
18:09:17.368498,52,-0.2810368585006514,3.064049158325549,-0.1088829801248736,0.0697200018621515,38.75999913364649,0
18:09:17.368498,52,-0.2858021105079341,3.1160030781068206,-0.1446411326596628,0.0697200018621515,31.999999284744263,0
18:09:17.368498,52,-0.2459687588579588,3.0665944211612466,-0.1095649812462236,0.0697200018621515,34.51999922841787,0
18:09:17.368498,52,-0.0542844569486938,1.231603358049474,1.3557271152850827,-0.0697200018621515,25.999999418854717,1
18:09:17.368498,52,-0.0572149289282668,1.313513005588118,1.3785072007996249,-0.0697200018621515,30.119999326765537,1
18:09:17.368498,52,-0.0600900854942858,1.3954835239023278,1.406854667979852,-0.1391600037168245,26.359999410808086,1
18:09:17.368498,52,-0.0407180932742974,1.232062188946934,1.3556041719166458,-0.0697200018621515,32.75999926775694,1
18:09:17.368498,52,-0.0429162037115952,1.3139966058424797,1.378377620502009,-0.0697200018621515,38.99999912828207,1
18:09:17.368498,52,-0.0450728227479432,1.3959914259686936,1.4067185760313352,-0.1391600037168245,32.51999927312136,1
18:09:17.368498,52,-0.0271476578246871,1.2323899580795568,1.3555163464422555,-0.0697200018621515,41.75999906659126,1
18:09:17.368498,52,-0.0284441335345258,1.2951012964059327,1.3391317629705164,-0.1391600037168245,51.63999884575605,1
18:09:17.368498,52,-0.0300510527570879,1.396354249441724,1.4066213577747415,-0.1391600037168245,40.3599990978837,1
18:09:17.368498,52,-0.0134773475190591,1.212698733278514,1.318779531126395,-0.1391600037168245,53.23999880999327,1
18:09:17.368498,52,-0.0142227779001999,1.295307363476969,1.3390765474652455,-0.1391600037168245,68.87999846041203,1
18:09:17.368498,52,-0.0149559999541305,1.378142832734086,1.3649369169886345,-0.1391600037168245,49.75999888777733,1
18:09:17.368498,52,0.0,1.205890921317934,1.3066687157737509,-0.0697200018621515,66.35999851673841,1
18:09:17.368498,52,0.0,1.2887019782512164,1.326137644135899,-0.0697200018621515,89.99999798834324,1
18:09:17.368498,52,0.0,1.378215065267479,1.3649175623396443,-0.1391600037168245,59.35999867320061,1
18:09:17.368498,52,0.0134422609143678,1.2058259996434657,1.3066861114839956,-0.0697200018621515,77.63999826461077,1
18:09:17.368498,52,0.0141917524974065,1.2886334367802807,1.326156009767684,-0.0697200018621515,109.11999756097794,1
18:09:17.368498,52,0.0149559999541305,1.378142832734086,1.3649369169886345,-0.1391600037168245,66.87999850511551,1
18:09:17.368498,52,0.025367269929096,1.123427097426276,1.2927600913741213,-0.0697200018621515,25.999999418854717,1
18:09:17.368498,52,0.0268831776139062,1.205631241112174,1.3067382968751744,-0.0697200018621515,81.75999817252159,1
18:09:17.368498,52,0.0283820858314531,1.288427819221564,1.326211104826492,-0.0697200018621515,114.63999743759632,1
18:09:17.368498,52,0.0299105043207958,1.3779261423571012,1.364994979000155,-0.1391600037168245,68.99999845772982,1
18:09:17.368498,52,0.0313461402298612,1.460663509454497,1.396468450276844,-0.0697200018621515,13.519999697804453,1
18:09:17.368498,52,0.0335888022784729,1.2004834338794337,-0.0077280909710806,-0.1391600037168245,7.239999838173389,-1
18:09:17.368498,52,0.0362352548427075,1.0696187398683716,1.3265290210246932,-0.0697200018621515,3.879999913275242,1
18:09:17.368498,52,0.040321406018206,1.205306665199749,1.3068252667287912,-0.0697200018621515,75.99999830126762,1
18:09:17.368498,52,0.0425695809806951,1.2880851461366492,1.3263029238028627,-0.0697200018621515,101.87999772280456,1
18:09:17.368498,52,0.044862017662088,1.37756501580538,1.3650917425680542,-0.0697200018621515,64.63999855518341,1
18:09:17.368498,52,0.0537556023156852,1.2048523043635098,1.306947012347934,-0.0697200018621515,63.879998572170734,1
18:09:17.368498,52,0.0567528192075039,1.2876054517925577,1.3264314575149758,-0.0697200018621515,80.23999820649624,1
18:09:17.368498,52,0.059703389822001,1.370641901997572,1.351476484245096,-0.0697200018621515,55.87999875098467,1
18:09:17.368498,52,0.0853629141180179,1.210402310629232,-0.0735588290733106,-0.1391600037168245,12.639999717473984,-1
18:09:17.368498,52,0.0671844230979694,1.2042682040391588,1.3071035215581426,-0.0697200018621515,50.6399988681078,1
18:09:17.368498,52,0.0709303821999395,1.2869887841583223,1.3265966931095676,-0.0697200018621515,59.99999865889549,1
18:09:17.368498,52,0.0746180422019737,1.3699931739049154,1.3516503104136306,-0.0697200018621515,45.87999897450209,1
18:09:17.368498,52,0.0806065254942309,1.2035544226362402,1.3072947787086269,-0.0697200018621515,39.23999912291765,1
18:09:17.368498,52,0.0851008522135807,1.2862352049001895,1.326798614063217,-0.0697200018621515,44.519999004900455,1
18:09:17.368498,52,0.0895252328402412,1.369200416173435,1.3518627292075742,-0.0697200018621515,36.75999917834997,1
18:09:17.368498,52,0.143678661366819,1.27075027781919,-0.1818322074033549,-0.1391600037168245,4.239999905228615,-1
18:09:17.368498,52,0.0929451678462664,1.1740569629681934,1.259842836092382,-0.1391600037168245,30.51999931782484,1
18:09:17.368498,52,0.0982957656390994,1.257399365640432,1.2760331215146803,-0.1391600037168245,33.519999250769615,1
18:09:17.368498,52,0.104423471030229,1.3682637080782394,1.3521137193852255,-0.0697200018621515,29.35999934375286,1
18:09:17.368498,52,0.1661302909217563,1.1284075520793986,-0.1860971531270392,-0.1391600037168245,9.119999796152117,-1
18:09:17.368498,52,0.1061964865197159,1.1730951746395648,1.2601005464983277,-0.1391600037168245,23.87999946624041,1
18:09:17.368498,52,0.1123099262987354,1.2563822098018238,1.2763056676002122,-0.1391600037168245,25.75999942421913,1
18:09:17.368498,52,0.1193112669605999,1.3671831432893538,1.352403255847777,-0.0697200018621515,23.519999474287037,1
18:09:17.368498,52,0.1194371856334849,1.1720054386267078,1.2603925403829357,-0.1391600037168245,18.999999575316902,1
18:09:17.368498,52,0.1263128560598349,1.2552297406825528,1.2766144707700229,-0.1391600037168245,20.119999550282955,1
18:09:17.368498,52,0.1212862107416142,0.2218092084715193,1.990033245176704,-2.852920076198643,3.879999913275242,-1
18:09:17.418847,53,-0.6488155398507515,3.1538748877699074,-0.0056807334618893,-0.0697200018621515,4.639999896287918,-1
18:09:17.418847,53,-0.6029056693052195,3.107282674311363,0.0261546362047928,-0.0697200018621515,5.119999885559082,-1
18:09:17.418847,53,-1.144203124853558,4.7089957133235885,7.076612681949313,-1.0438400278799236,3.519999921321869,-1
18:09:17.418847,53,-0.1025179108898484,1.2196247951817365,0.9023927416098064,-0.0697200018621515,25.11999943852425,0
18:09:17.418847,53,-0.0720689085658621,1.3423113339423904,1.4451580237696129,0.0697200018621515,14.6399996727705,0
18:09:17.418847,53,-0.0888021614124866,1.3421777022080368,1.2975189251098036,0.0697200018621515,19.519999563694,0
18:09:17.418847,53,-0.087891541548661,1.2205444098630494,0.9021463315986008,-0.0697200018621515,30.35999932140112,0
18:09:17.418847,53,-0.0732563831269544,1.2213227010429089,0.901937789105481,-0.0697200018621515,36.11999919265509,0
18:09:17.418847,53,-0.0756734791719563,1.2566649949472988,0.8472138568559537,-0.0697200018621515,18.879999577999115,0
18:09:17.418847,53,-0.0415548747157389,1.305205007083864,1.5208400416620704,-0.0697200018621515,8.51999980956316,0
18:09:17.418847,53,-0.0586138991283093,1.2219595908928491,0.9017671349845218,-0.0697200018621515,41.75999906659126,0
18:09:17.418847,53,-0.0605478660772324,1.2573228989924763,0.8470375719983512,-0.0697200018621515,21.119999527931213,0
18:09:17.418847,53,-0.2089813282335649,6.39853324000242,-1.0270028402372513,-0.4872000130126253,3.519999921321869,-1
18:09:17.418847,53,-0.0438549222223583,1.2560506581433015,1.0412590079457735,-0.0697200018621515,31.87999928742647,0
18:09:17.418847,53,-0.0439655537888582,1.2224550157244194,0.9016343863009924,-0.0697200018621515,45.639998979866505,0
18:09:17.418847,53,-0.0454161982466279,1.257834670377751,0.8469004432689573,-0.0697200018621515,22.879999488592148,0
18:09:17.418847,53,-0.0291624497032832,1.2117640445407276,0.8893633768726377,-0.0697200018621515,46.35999896377325,0
18:09:17.418847,53,-0.0302799888342484,1.2582002579264124,0.8468024843805306,-0.0697200018621515,23.639999471604824,0
18:09:17.418847,53,-0.0314019626443048,1.3048207420001356,0.8040726994578995,-0.0697200018621515,3.999999910593033,0
18:09:17.418847,53,0.0,1.2120457415576569,0.8892878963844413,-0.0697200018621515,43.63999902456999,0
18:09:17.418847,53,0.0,1.2584927499020195,0.8467241113918742,-0.0697200018621515,22.99999948590994,0
18:09:17.418847,53,0.0,1.2331442402081607,-0.0618831395480743,0.0697200018621515,3.1199999302625656,-1
18:09:17.418847,53,0.0,6.193736655180432,-1.5611109706358297,-0.4872000130126253,3.1199999302625656,-1
18:09:17.418847,53,0.0131652439565716,1.2270741703497652,1.4930129323341437,-0.0697200018621515,3.359999924898148,0
18:09:17.418847,53,0.0145819539432303,1.2119753155427886,0.8893067669782515,-0.0697200018621515,38.519999139010906,0
18:09:17.418847,53,0.0148975009205529,1.22326143428303,0.8095132068506785,-0.0697200018621515,21.359999522566795,0
18:09:17.418847,53,0.0291624497032832,1.2117640445407276,0.8893633768726377,-0.0697200018621515,32.35999927669764,0
18:09:17.418847,53,0.0296253726194359,1.2110811874326188,0.7973970016897656,-0.0697200018621515,18.999999575316902,0
18:09:17.418847,53,0.0430373042006729,1.1775603881074044,0.8535988574876474,-0.0697200018621515,26.6399994045496,0
18:09:17.418847,53,0.0444343557515686,1.2107235034383017,0.7974928428271884,-0.0697200018621515,16.639999628067017,0
18:09:17.418847,53,0.05705257421085,1.1655572797286182,0.8420028116641698,-0.0697200018621515,21.87999951094389,0
18:09:17.418847,53,0.0592388954853534,1.2102227959225982,0.7976270070016653,-0.0697200018621515,14.239999681711195,0
18:09:17.418847,53,0.071305019746595,1.1649373550014075,0.842168919994194,-0.0697200018621515,17.879999600350857,0
18:09:17.418847,53,0.134220890630179,1.195619223148944,-0.0064247296340309,-0.7655200204462744,3.1199999302625656,-1
18:09:17.418847,53,0.0887938786574598,0.1516776913953907,1.818015024998057,2.365720063186018,3.63999991863966,-1
18:09:17.418847,53,5.326436126002074,3.853221988127287,-0.6323764015814524,-0.4872000130126253,3.1199999302625656,-1
18:09:17.418847,53,5.408763600636443,3.8206804448222345,-0.3245461906652735,-0.4872000130126253,3.2399999275803566,-1
18:09:17.477635,54,-4.460818440819817,4.54181890940413,-1.1017135338376178,-3.0615200817701407,2.999999932944774,-1
18:09:17.477635,54,-1.4244970420935774,6.869693262757088,1.8157165383174727,0.0697200018621515,3.2399999275803566,-1
18:09:17.477635,54,-0.2333468916664256,1.2663899748150085,1.473989692456985,0.0697200018621515,26.87999939918518,0
18:09:17.477635,54,-0.2439573811688709,1.3239738467826927,1.45007153864527,0.0697200018621515,26.6399994045496,0
18:09:17.477635,54,-0.2197416486022692,1.2685782426148977,1.4734033478671815,0.0697200018621515,34.35999923199415,0
18:09:17.477635,54,-0.2297334956720704,1.3262616170544317,1.4494585324484897,0.0697200018621515,33.639999248087406,0
18:09:17.477635,54,-0.1964751778563276,1.2077461599359067,1.484571103240399,0.0697200018621515,27.639999382197857,0
18:09:17.477635,54,-0.2058346619455106,1.265279539424475,1.4600176272697385,0.0697200018621515,44.87999899685383,0
18:09:17.477635,54,-0.2154866370181736,1.3284118830480287,1.448882370411993,0.0697200018621515,42.63999904692173,0
18:09:17.477635,54,-0.1834656109116049,1.2095811482881442,1.4840794195932965,0.0697200018621515,32.87999926507473,0
18:09:17.477635,54,-0.1922053585223441,1.2672019410798785,1.4595025212986448,0.0697200018621515,59.63999866694212,0
18:09:17.477635,54,-0.2012182298811099,1.330424429738687,1.4483431101515014,0.0697200018621515,53.35999880731106,0
18:09:17.477635,54,-0.1696405623619113,1.1952154805064477,1.4471869531860706,0.0697200018621515,38.35999914258719,0
18:09:17.477635,54,-0.1785568347243552,1.2689925998513778,1.4590227157269018,0.0697200018621515,78.35999824851751,0
18:09:17.477635,54,-0.1866759718892118,1.326694815480853,1.4344240002486317,0.0697200018621515,64.23999856412411,0
18:09:17.477635,54,-0.1566566165001471,1.1967913879643477,1.44676469005538,0.0697200018621515,43.239999033510685,0
18:09:17.477635,54,-0.1648904553924889,1.2706513366745962,1.4585782585346645,0.0697200018621515,97.63999781757592,0
18:09:17.477635,54,-0.1723881702045486,1.3284289765341706,1.4339593331948497,0.0697200018621515,70.99999841302633,0
18:09:17.477635,54,-0.1798858850166082,1.3862066163937452,1.409340407855035,0.0697200018621515,10.87999975681305,0
18:09:17.477635,54,-0.8002232404838169,4.570020682815559,7.433087411678201,0.8349600223009475,2.999999932944774,-1
18:09:17.477635,54,-0.14365700510798,1.198241803434232,1.446376052401535,0.0697200018621515,46.23999896645546,0
18:09:17.477635,54,-0.1512075871532288,1.2721779856772402,1.4581691941672803,0.0697200018621515,107.63999759405851,0
18:09:17.477635,54,-0.1580831298472918,1.3300250436169136,1.433531668308963,0.0697200018621515,69.99999843537807,0
18:09:17.477635,54,-0.1306430281356581,1.1995665818757697,1.4460210790879748,0.0697200018621515,46.11999896913767,0
18:09:17.477635,54,-0.136866467434909,1.2567103109690798,1.4196311963934272,0.0697200018621515,100.2399977594614,0
18:09:17.477635,54,-0.1437622813094926,1.3314828571237107,1.4331410483571014,0.0697200018621515,61.519998624920845,0
18:09:17.477635,54,-0.1609062612100667,1.2145351524363817,0.903756507273187,-0.0697200018621515,4.119999907910824,1
18:09:17.477635,54,-0.1176159869699754,1.2007655908122254,1.4456998056117336,0.0697200018621515,42.9999990388751,0
18:09:17.477635,54,-0.1232188573716707,1.257966437070085,1.4192946184190711,0.0697200018621515,81.1199981868267,0
18:09:17.477635,54,-0.1150788894212881,1.3339831541287697,1.432471095793758,0.0697200018621515,49.87999888509512,0
18:09:17.477635,54,-0.1317384328571067,1.2173619772805775,0.9029990618390404,-0.0697200018621515,4.759999893605709,1
18:09:17.477635,54,-0.0994195038363615,1.139244207373567,1.4603716092385597,0.0697200018621515,5.359999880194664,0
18:09:17.477635,54,-0.1043924446174211,1.1962289413525136,1.4333795208908635,0.0697200018621515,37.75999915599823,0
18:09:17.477635,54,-0.1095589255259281,1.2590906767750714,1.418993379298021,0.0697200018621515,61.11999863386154,0
18:09:17.477635,54,-0.100248151751365,1.31738000216285,1.3922965350015186,0.0697200018621515,38.99999912828207,0
18:09:17.477635,54,-0.1171340285258363,1.218563948959668,0.9026769944983032,-0.0697200018621515,5.639999873936176,1
18:09:17.477635,54,-0.2896163706776005,3.199235474475333,-0.0178350660378101,0.0697200018621515,3.999999910593033,-1
18:09:17.477635,54,-0.0783308915345174,1.1979939720423578,1.432906582342904,0.0697200018621515,31.87999928742647,0
18:09:17.477635,54,-0.082207561509462,1.260943060504644,1.4184970345736096,0.0697200018621515,45.11999899148941,0
18:09:17.477635,54,-0.0859456120238211,1.31827925646217,1.3920555805382255,0.0697200018621515,30.23999932408333,0
18:09:17.477635,54,-0.1025179108898484,1.2196247951817365,0.9023927416098064,-0.0697200018621515,6.6399998515844345,1
18:09:17.477635,54,-0.1059004917159352,1.2549110666432122,0.8476838205286157,-0.0697200018621515,3.63999991863966,1
18:09:17.477635,54,-0.1550207650703451,1.2264014531364826,-0.060076415197483,0.1391600037168245,4.239999905228615,-1
18:09:17.477635,54,-0.1591019569083053,1.2586886089786815,-0.1143115174914441,0.1391600037168245,3.359999924898148,-1
18:09:17.477635,54,-0.4220686696029644,6.987832907522154,0.9324344008630814,0.0697200018621515,3.1199999302625656,-1
18:09:17.477635,54,-0.0652877136959937,1.1986876024067552,1.432720724646918,0.0697200018621515,26.359999410808086,0
18:09:17.477635,54,-0.0683978231979871,1.2557894595728087,1.405697253235822,0.0697200018621515,33.7599992454052,0
18:09:17.477635,54,-0.0716344778070801,1.3190403161797168,1.391851655201517,0.0697200018621515,23.639999471604824,0
18:09:17.477635,54,-0.0861591418725989,1.2148372285170703,0.992270914207984,-0.0697200018621515,11.639999739825726,1
18:09:17.477635,54,-0.087891541548661,1.2205444098630494,0.9021463315986008,-0.0697200018621515,7.519999831914902,1
18:09:17.477635,54,-0.1174726548583251,1.19683481973125,-0.0067504477565818,0.1391600037168245,2.999999932944774,-1
18:09:17.477635,54,-0.0522380071407985,1.1992552127692098,1.4325686339086827,0.0697200018621515,21.639999516308308,0
18:09:17.477635,54,-0.0547264680345327,1.256384109178664,1.4055379173541538,0.0697200018621515,25.63999942690134,0
18:09:17.477635,54,-0.0573161802025738,1.3196631052101562,1.391684779383756,0.0697200018621515,18.759999580681324,0
18:09:17.477635,54,-0.0732563831269544,1.2213227010429089,0.901937789105481,-0.0697200018621515,7.999999821186066,1
18:09:17.477635,54,-0.0410496402701248,1.25684667610582,1.405413972919577,0.0697200018621515,19.999999552965164,0
18:09:17.477635,54,-0.0586138991283093,1.2219595908928491,0.9017671349845218,-0.0697200018621515,7.999999821186066,1
18:09:17.477635,54,-0.0439655537888582,1.2224550157244194,0.9016343863009924,-0.0697200018621515,7.759999826550484,1
18:09:17.477635,54,-0.0736849695342054,3.263247944265704,-0.0543381793205477,0.0697200018621515,3.2399999275803566,-1
18:09:17.477635,54,0.02727076134211,0.044222128531037,1.752392013447597,-3.33984008920379,3.2399999275803566,-1
18:09:17.531875,55,-0.2126999577728398,0.0951891979780415,0.0985228432002357,3.96620010593324,4.759999893605709,-1
18:09:17.531875,55,-0.2740171836482186,1.351769236544211,-0.1803210969410278,0.1391600037168245,27.359999388456345,0
18:09:17.531875,55,-0.2483039928954379,1.2910992528773897,-0.1852783751549327,0.1391600037168245,22.99999948590994,0
18:09:17.531875,55,-0.2604860161342551,1.3544417747545758,-0.1803210969410278,0.1391600037168245,34.51999922841787,0
18:09:17.531875,55,-0.2732759587716405,1.420945277944018,-0.145182749820197,0.2088800055789761,36.11999919265509,0
18:09:17.531875,55,-0.2353808007417355,1.2935176969452529,-0.1852783751549327,0.1391600037168245,27.639999382197857,0
18:09:17.531875,55,-0.2469288002369137,1.356978869922218,-0.1803210969410278,0.2088800055789761,44.11999901384115,0
18:09:17.531875,55,-0.2590530794493562,1.4236069452562272,-0.145182749820197,0.2088800055789761,45.11999899148941,0
18:09:17.531875,55,-0.0413104601148256,0.1617848760605662,0.1900739483561529,-2.15712005761452,3.359999924898148,-1
18:09:17.531875,55,-0.2224340707051612,1.2958067903271318,-0.1852783751549327,0.1391600037168245,32.75999926775694,0
18:09:17.531875,55,-0.2333468916664256,1.3593802683397456,-0.1803210969410278,0.2088800055789761,56.99999872595072,0
18:09:17.531875,55,-0.2448042950361618,1.4261262530666103,-0.145182749820197,0.2088800055789761,56.759998731315136,0
18:09:17.531875,55,-0.2084854315392574,1.2918957302865284,-0.2246318696706929,0.1391600037168245,38.1199991479516,0
18:09:17.531875,55,-0.2197416486022692,1.3616457298693292,-0.1803210969410278,0.2088800055789761,73.23999836295843,0
18:09:17.531875,55,-0.230531030398561,1.4285029494464965,-0.145182749820197,0.2088800055789761,70.99999841302633,0
18:09:17.531875,55,-0.2407868956461965,1.4920541934158835,-0.1363907018458581,0.0697200018621515,39.35999912023544,0
18:09:17.531875,55,-0.195556265655775,1.293915955562586,-0.2246318696706929,0.0697200018621515,42.75999904423952,0
18:09:17.531875,55,-0.2061144315573522,1.3637750279667138,-0.1803210969410278,0.2088800055789761,90.75999797135592,0
18:09:17.531875,55,-0.2154866370181736,1.425787084414517,-0.1885204566689358,0.2088800055789761,86.35999806970358,0
18:09:17.531875,55,-0.225639454530846,1.4929641320509557,-0.1514972135823613,0.0697200018621515,43.87999901920557,0
18:09:17.531875,55,-0.1826075443095643,1.2958067903271315,-0.2246318696706929,0.0697200018621515,45.51999898254872,0
18:09:17.531875,55,-0.1922053585223441,1.3639141233304977,-0.1941044773794098,0.0697200018621515,103.87999767810106,0
18:09:17.531875,55,-0.2012182298811099,1.4278706260653182,-0.1885204566689358,0.2088800055789761,99.35999777913094,0
18:09:17.531875,55,-0.2106987804919284,1.4951458413582457,-0.1514972135823613,0.0697200018621515,47.23999894410372,0
18:09:17.531875,55,-0.1696405623619113,1.2975680454982723,-0.2246318696706929,0.0697200018621515,45.639998979866505,0
18:09:17.531875,55,-0.1785568347243552,1.3657679497038733,-0.1941044773794098,0.0697200018621515,105.87999763339758,0
18:09:17.531875,55,-0.1869297010896388,1.4298113818497844,-0.1885204566689358,0.2088800055789761,104.51999766379596,0
18:09:17.531875,55,-0.1957370367514851,1.4971780373340338,-0.1514972135823613,0.0697200018621515,48.35999891906977,0
18:09:17.531875,55,-0.2005021965557619,1.4227895608300645,-0.6589685384293994,0.1391600037168245,11.759999737143517,-1
18:09:17.531875,55,-0.1477275402240955,1.2251480807121733,-0.2759513654245845,0.0697200018621515,4.8799998909235,0
18:09:17.531875,55,-0.1563798764593209,1.2969044581363325,-0.2377065221509432,0.0697200018621515,42.9999990388751,0
18:09:17.531875,55,-0.1648904553924889,1.3674852004265203,-0.1941044773794098,0.0697200018621515,95.3599978685379,0
18:09:17.531875,55,-0.1726224794846687,1.4316091576939625,-0.1885204566689358,0.2088800055789761,98.99999778717756,0
18:09:17.531875,55,-0.1657563267707159,1.5007930913910554,-0.1514972135823613,0.0697200018621515,46.999998949468136,0
18:09:17.531875,55,-0.1434032293891708,1.2984033861231583,-0.2377065221509432,0.0697200018621515,38.519999139010906,0
18:09:17.531875,55,-0.1512075871532288,1.3690657037748046,-0.1941044773794098,0.0697200018621515,78.87999823689461,0
18:09:17.531875,55,-0.1582979957763733,1.4332637738217744,-0.1885204566689358,0.2088800055789761,85.9999980777502,0
18:09:17.531875,55,-0.1507403585762701,1.502375587969912,-0.1514972135823613,0.0697200018621515,43.63999902456999,0
18:09:17.531875,55,-0.130412242116225,1.2997724748591757,-0.2377065221509432,0.0697200018621515,33.519999250769615,0
18:09:17.531875,55,-0.1375095982819351,1.3705093016997163,-0.1941044773794098,0.0697200018621515,62.5199986025691,0
18:09:17.531875,55,-0.1296029733782394,1.436142879419792,-0.1885204566689358,0.1391600037168245,70.63999842107296,0
18:09:17.531875,55,-0.135709316472257,1.5038078482486632,-0.1514972135823613,0.0697200018621515,38.87999913096428,0
18:09:17.531875,55,-0.2177272941390522,1.6653798806969156,-1.6286084392169444,0.1391600037168245,4.999999888241291,-1
18:09:17.531875,55,-0.2341469171230555,1.7909723557897437,-1.5841717205877306,-0.0697200018621515,9.359999790787697,-1
18:09:17.531875,55,-0.2403112428287926,1.8381228246778605,-1.6258778023055969,-0.0697200018621515,8.639999806880951,-1
18:09:17.531875,55,-0.2276108265557067,1.8876437452422408,-1.6675838840234634,-0.0697200018621515,3.759999915957451,-1
18:09:17.531875,55,-0.1232188573716707,1.365399882517508,-0.2353326535205677,0.0697200018621515,48.99999890476465,0
18:09:17.531875,55,-0.1152353041666,1.4373670809818495,-0.1885204566689358,0.1391600037168245,56.63999873399735,0
18:09:17.531875,55,-0.1206647035502941,1.5050897290024807,-0.1514972135823613,0.0697200018621515,33.87999924272299,0
18:09:17.531875,55,-0.1317384328571067,1.4598061090890249,-0.7445450731291323,-0.0697200018621515,4.639999896287918,-1
18:09:17.531875,55,-0.1095589255259281,1.3665637811051516,-0.2353326535205677,0.0697200018621515,38.6399991363287,0
18:09:17.531875,55,-0.1008561115210881,1.4384475470400362,-0.1885204566689358,0.1391600037168245,45.2399989888072,0
18:09:17.531875,55,-0.082207561509462,1.3684815098573575,-0.2353326535205677,0.0697200018621515,30.999999307096004,0
18:09:17.531875,55,-0.0864668333489215,1.4393841695486516,-0.1885204566689358,0.1391600037168245,36.35999918729067,0
18:09:17.531875,55,0.5585913596951935,6.967490023595359,-0.6307901438086944,-0.2783200074336491,3.759999915957451,-1
18:09:17.531875,55,0.1318279749656505,0.1024806579471814,0.1900739483561529,-1.948240052035544,4.359999902546406,-1
18:09:17.531875,55,6.189336573614493,2.9198426973617457,-1.8205159749235376,-0.4174800111504737,2.999999932944774,-1
18:09:17.531875,55,6.321430883946452,2.4576433720335733,-1.8042556295992545,-0.4174800111504737,3.2399999275803566,-1
18:09:17.584622,56,-0.3274093362729699,1.242085545151477,1.46623243930444,-0.0697200018621515,22.11999950557947,0
18:09:17.584622,56,-0.3442799979644686,1.325084811226296,1.5096279071375769,0.0697200018621515,24.879999443888664,0
18:09:17.584622,56,-0.3125454317687793,1.2284540998189473,1.4272024253522684,-0.0697200018621515,27.759999379515648,0
18:09:17.584622,56,-0.3301945061172057,1.3283423000125998,1.5087550656479334,0.0697200018621515,31.359999299049377,0
18:09:17.584622,56,-0.2991815627724292,1.231408538886604,1.4264107857900028,-0.0697200018621515,35.51999920606613,0
18:09:17.584622,56,-0.3160759950959684,1.331463572792936,1.507918723127085,0.0697200018621515,39.99999910593033,0
18:09:17.584622,56,-0.2852829205855092,1.228400656620375,1.413036060868582,-0.0697200018621515,45.99999897181988,0
18:09:17.584622,56,-0.3005947814971431,1.3134525041811902,1.4528907238986335,0.0697200018621515,51.11999885737896,0
18:09:17.584622,56,-0.2574253627570234,1.1516538103055542,1.391439474015495,0.1391600037168245,24.759999446570877,0
18:09:17.584622,56,-0.2718842662789617,1.2310915898614745,1.4123150274797434,-0.0697200018621515,59.51999866962433,0
18:09:17.584622,56,-0.286476987290023,1.3162878666626578,1.452130990811475,0.0697200018621515,63.75999857485294,0
18:09:17.584622,56,-0.2447135114072924,1.1540789749957814,1.3907896530952362,0.1391600037168245,28.639999359846115,0
18:09:17.584622,56,-0.258458423773571,1.2336529696546163,1.4116287078326617,-0.0697200018621515,74.99999832361937,0
18:09:17.584622,56,-0.2723305456241844,1.3189867222326674,1.4514078346410026,0.0697200018621515,74.99999832361937,0
18:09:17.584622,56,-0.2862352133286712,1.4179858475161995,1.5415329808488774,0.0697200018621515,20.119999550282955,0
18:09:17.584622,56,-0.2319771889114418,1.156381233422789,1.3901727648089517,0.1391600037168245,32.119999282062054,0
18:09:17.584622,56,-0.2430278815860031,1.211467742941894,1.3611224370922628,-0.0697200018621515,87.75999803841114,0
18:09:17.584622,56,-0.2578064616672332,1.3159591524836092,1.437300612478956,0.0697200018621515,79.63999821990728,0
18:09:17.584622,56,-0.2192176688910508,1.1585603553626624,1.3895888708449535,0.1391600037168245,34.51999922841787,0
18:09:17.584622,56,-0.229660536567465,1.2137506716697144,1.3605107281832651,-0.0697200018621515,90.9999979659915,0
18:09:17.584622,56,-0.2436262453948263,1.318380906620283,1.4366517054137673,0.0697200018621515,74.87999832630157,0
18:09:17.584622,56,-0.2064362272874314,1.1606161229050338,1.3890380295921492,0.1391600037168245,35.11999921500683,0
18:09:17.584622,56,-0.21627022568768,1.2159043697690843,1.3599336465167988,-0.0697200018621515,82.51999815553427,0
18:09:17.584622,56,-0.2283486641430729,1.3030873468466275,1.3961262404511965,0.0697200018621515,63.63999857753515,0
18:09:17.584622,56,-0.19174770329764,1.1371408362520123,1.3419241937462083,0.1391600037168245,33.639999248087406,0
18:09:17.584622,56,-0.2028582879665176,1.2179286218719978,1.359391249800546,-0.0697200018621515,67.63999848812819,0
18:09:17.584622,56,-0.2138093145056961,1.299100057527376,1.3823691385930523,0.0697200018621515,50.87999886274338,0
18:09:17.584622,56,-0.1790511651915816,1.1389316721528036,1.341444340712815,0.1391600037168245,30.63999931514263,0
18:09:17.584622,56,-0.1894260645865134,1.2198232255549402,1.3588835922737246,0.2088800055789761,52.7599988207221,0
18:09:17.584622,56,-0.1996519709632913,1.301096938792473,1.3818340758706888,0.0697200018621515,39.759999111294746,0
18:09:17.584622,56,-0.156601028920676,1.0602976939070548,1.3290265877626417,0.1391600037168245,3.999999910593033,0
18:09:17.584622,56,-0.1663367221190132,1.1405997814186557,1.3409973721821429,0.1391600037168245,26.87999939918518,0
18:09:17.584622,56,-0.1759748987587518,1.221587991359131,1.3584107247016617,0.2088800055789761,40.639999091625214,0
18:09:17.584622,56,-0.1854746623910587,1.3029569730589523,1.3813356811910913,0.0697200018621515,31.119999304413795,0
18:09:17.584622,56,-0.1536056455135899,1.142144997240039,1.3405833328506715,0.1391600037168245,22.99999948590994,0
18:09:17.584622,56,-0.1609229545542486,1.1965533354629216,1.3091707143628577,0.2088800055789761,31.63999929279089,0
18:09:17.584622,56,-0.1698954332707718,1.27884376256698,1.328779145067302,0.0697200018621515,24.63999944925308,0
18:09:17.584622,56,-0.14756931574843,1.1980432511010828,1.3087714926708216,0.2088800055789761,24.879999443888664,0
18:09:17.584622,56,-0.258680148850992,1.3522722046108475,-0.0455728061570086,-0.0697200018621515,3.1199999302625656,-1
18:09:17.584622,56,-0.2569718250400675,1.4921151222403877,-0.0256849584003528,-0.0697200018621515,2.999999932944774,-1
18:09:17.584622,56,-0.0139561328346863,0.2010773593609769,2.152912157754856,1.600480042747222,4.759999893605709,-1
18:09:17.584622,56,-0.2173137012099618,3.204132206076942,-0.0191471413160129,-0.0697200018621515,5.519999876618385,-1
18:09:17.584622,56,-0.178107968477168,3.152601143121045,0.0140115890850232,-0.0697200018621515,5.759999871253967,-1
18:09:17.584622,56,0.2253633006482555,0.0831298587176905,1.9205656535808997,-2.644040070619667,4.639999896287918,-1
18:09:17.637032,57,-0.0704865745672051,0.1982625216551592,1.8595271506900772,-1.8090800483187195,3.999999910593033,-1
18:09:17.637032,57,-0.5681743170211202,1.246086990074189,0.0260567493069576,0.6263600167294499,4.119999907910824,-1
18:09:17.637032,57,-0.3283690691114267,1.3674779395247325,1.4299260503066749,0.0697200018621515,9.63999978452921,0
18:09:17.637032,57,-0.336651913658873,1.3648866903063763,1.2771441281107303,0.1391600037168245,14.119999684393406,0
18:09:17.637032,57,-0.2674799689340925,1.1238294468305252,1.3454909697918322,0.1391600037168245,13.35999970138073,0
18:09:17.637032,57,-0.3427456043184138,1.354748920463811,1.1340224772150878,0.2088800055789761,3.879999913275242,0
18:09:17.637032,57,-0.2670609490961739,1.1800084827392328,1.3136038942890618,0.2783200074336491,27.119999393820763,0
18:09:17.637032,57,-0.284247084281941,1.2870704130525157,1.3855924721153248,0.0697200018621515,16.8799996227026,0
18:09:17.637032,57,-0.4226167653475223,1.3226384970043403,-0.0376324781351051,0.6263600167294499,4.999999888241291,-1
18:09:17.637032,57,-0.2841292264474288,1.3843062758929765,-0.0973336226680801,0.0697200018621515,4.759999893605709,-1
18:09:17.637032,57,-0.426611693535062,3.132148789646517,0.0194917806818391,-0.0697200018621515,22.11999950557947,1
18:09:17.637032,57,-0.3912107870479435,3.1360986017499606,0.0184334317184666,-0.0697200018621515,24.759999446570877,1
18:09:17.637032,57,-0.3497621657831971,3.0866799380990284,0.0509496601719736,-0.0697200018621515,12.759999714791777,1
18:09:17.637032,57,-0.3557707598098769,3.139706275572677,0.0174667584311145,-0.0697200018621515,26.359999410808086,1
18:09:17.637032,57,-0.3629912238407689,3.161643896415546,-0.1787076947531476,-0.0697200018621515,9.999999776482582,1
18:09:17.637032,57,-0.3160768546929468,3.061165296573762,-0.1081102516973993,-0.0697200018621515,26.6399994045496,1
18:09:17.637032,57,-0.321436243757843,3.11307031768717,-0.1438553018736237,0.0697200018621515,24.759999446570877,1
18:09:17.637032,57,-0.2810368585006514,3.064049158325549,-0.1088829801248736,-0.0697200018621515,25.23999943584204,1
18:09:17.637032,57,-0.2858021105079341,3.1160030781068206,-0.1446411326596628,0.0697200018621515,23.75999946892261,1
18:09:17.637032,57,-0.2459687588579588,3.0665944211612466,-0.1095649812462236,0.0697200018621515,22.75999949127436,1
18:09:17.637032,57,-0.2501393972864196,3.118591498337964,-0.14533469777027,0.0697200018621515,21.99999950826168,1
18:09:17.637032,57,-0.2108760625454533,3.0688008305567047,-0.1101561868619094,0.0697200018621515,19.759999558329586,1
18:09:17.637032,57,-0.2144516703347435,3.120835319540744,-0.1459359278495151,0.0697200018621515,19.759999558329586,1
18:09:17.637032,57,-0.1757622788033653,3.0706681658728314,-0.1106565378518635,0.0697200018621515,16.759999625384808,1
18:09:17.637032,57,-0.1406309189806508,3.0721962403776604,-0.111065984181407,0.0697200018621515,13.999999687075617,1
18:09:17.637032,57,0.0930581611284028,0.2268118433383077,2.0624945793601976,-1.948240052035544,3.519999921321869,-1
18:09:17.637032,57,2.231150624550639,1.0053086934722972,1.1449666543114936,0.6263600167294499,3.999999910593033,-1
18:09:17.637032,57,2.3654238927724998,0.8725349400190806,1.1662533323481366,0.5566400148672983,3.879999913275242,-1
18:09:17.696567,58,-0.450067593985785,1.2444616604857124,-0.6029905470439029,0.2088800055789761,27.87999937683344,0
18:09:17.696567,58,-0.4658493011318141,1.2721349016749872,-0.6837131630517514,0.2783200074336491,26.519999407231808,0
18:09:17.696567,58,-0.4100746133633247,1.1439987163502416,-0.6767473178873747,0.2088800055789761,26.87999939918518,0
18:09:17.696567,58,-0.4228169329673769,1.252893358435237,-0.6052498137003012,0.2088800055789761,35.759999200701714,0
18:09:17.696567,58,-0.4517687840255476,1.2765666935432058,-0.6849006581038635,0.2088800055789761,33.11999925971031,0
18:09:17.696567,58,-0.397252593452108,1.1478978397524822,-0.6777920848541943,0.2088800055789761,34.99999921768904,0
18:09:17.696567,58,-0.4194019533722374,1.2274754133614438,-0.6574567472465548,0.2088800055789761,46.879998952150345,0
18:09:17.696567,58,-0.437643090419371,1.2808622587423004,-0.6860516513299961,0.2088800055789761,41.999999061226845,0
18:09:17.696567,58,-0.6867013860603186,1.2036455695974375,-1.962571106350667,0.7655200204462744,3.759999915957451,-1
18:09:17.696567,58,-0.3843908486143647,1.1516729190653558,-0.6788036143074423,0.2088800055789761,46.63999895751476,0
18:09:17.696567,58,-0.4058230844167219,1.231460977367951,-0.658524675903481,0.2088800055789761,62.99999859184027,0
18:09:17.696567,58,-0.42347363287081,1.2850211677193506,-0.6871660276317912,0.2088800055789761,53.63999880105257,0
18:09:17.696567,58,-0.3579385653677513,1.0440017085606843,-0.7381467644806632,0.1391600037168245,23.9999994635582,0
18:09:17.696567,58,-0.3672415855654842,1.1272115220013377,-0.7276049658314692,0.2088800055789761,63.23999858647585,0
18:09:17.696567,58,-0.3883826740448043,1.2078571614221925,-0.7106920848737843,0.2088800055789761,86.119998075068,0
18:09:17.696567,58,-0.3950090979167356,1.2929273671647583,-0.6892844873883877,0.2088800055789761,68.35999847203493,0
18:09:17.696567,58,-0.6530336620888182,1.2550083215345182,-2.019511027233991,0.7655200204462744,4.519999898970127,-1
18:09:17.696567,58,-0.3338790867734139,1.0506843765412526,-0.7399373799693418,0.1391600037168245,28.759999357163903,0
18:09:17.696567,58,-0.3544522293452805,1.1306970644421417,-0.728538914113667,0.2088800055789761,86.119998075068,0
18:09:17.696567,58,-0.374857069746844,1.354457303890484,-0.3738594021792776,0.2088800055789761,117.2399973794818,0
18:09:17.696567,58,-0.3911608068357131,1.4133669992462157,-0.3901197475035612,0.0697200018621515,85.11999809741974,0
18:09:17.696567,58,-0.6519573501318223,1.786045131268138,-1.6675838840234634,0.4872000130126253,3.2399999275803566,-1
18:09:17.696567,58,-0.3217986636860889,1.2096714766981476,-0.4427874981085103,0.1391600037168245,33.639999248087406,0
18:09:17.696567,58,-0.3416274281991026,1.284209669538362,-0.4110686180798459,0.2088800055789761,112.6399974822998,0
18:09:17.696567,58,-0.3612939800559645,1.3581380897304915,-0.3738594021792776,0.2088800055789761,151.23999661952257,0
18:09:17.696567,58,-0.3770078148426517,1.4172078742761016,-0.3901197475035612,0.0697200018621515,100.51999775320292,0
18:09:17.696567,58,-0.3096860610019986,1.2128289265631391,-0.4427874981085103,0.1391600037168245,37.63999915868044,0
18:09:17.696567,58,-0.3287684645963205,1.2875616768608562,-0.4110686180798459,0.2088800055789761,131.7599970549345,0
18:09:17.696567,58,-0.3437178573969799,1.3461082448417687,-0.4297602716338,0.2783200074336491,171.23999617248774,0
18:09:17.696567,58,-0.3628171223839634,1.420907029705898,-0.3901197475035612,0.0697200018621515,108.23999758064748,0
18:09:17.696567,58,-0.3666919410125416,1.4984344977874504,-0.3449664854843116,0.2088800055789761,24.23999945819378,0
18:09:17.696567,58,-1.659766659909876,5.008508641199784,-4.6277266089551885,0.2783200074336491,3.2399999275803566,-1
18:09:17.696567,58,-0.2975424899712633,1.2158650945515832,-0.4427874981085103,0.1391600037168245,39.63999911397696,0
18:09:17.696567,58,-0.311716515571476,1.2737852355648671,-0.4638805572351255,0.1391600037168245,129.2399971112609,0
18:09:17.696567,58,-0.330239813850792,1.3494780612045356,-0.4297602716338,0.0697200018621515,161.63999638706446,0
18:09:17.696567,58,-0.3343283159272445,1.427878716324279,-0.3901197475035612,0.0697200018621515,104.51999766379596,0
18:09:17.696567,58,-0.2853691649408122,1.218779677049225,-0.4427874981085103,0.1391600037168245,38.75999913364649,0
18:09:17.696567,58,-0.2989632901018036,1.2768386599702293,-0.4638805572351255,0.1391600037168245,107.359997600317,0
18:09:17.696567,58,-0.312557415262795,1.3348976428912336,-0.4849736163617407,0.1391600037168245,131.11999706923962,0
18:09:17.696567,58,-0.3305042963488666,1.4115467578671272,-0.4484519251877542,0.0697200018621515,91.63999795168638,0
18:09:17.696567,58,-0.2731673032329496,1.2215723826002565,-0.4427874981085103,0.1391600037168245,35.51999920606613,0
18:09:17.696567,58,-0.2861801685535928,1.279764401579331,-0.4638805572351255,0.1391600037168245,81.35999818146229,0
18:09:17.696567,58,-0.299193033874236,1.3379564205584054,-0.4849736163617407,0.1391600037168245,98.5199977979064,0
18:09:17.696567,58,-0.3163725392659325,1.4147811689263765,-0.4484519251877542,0.0697200018621515,75.51999831199646,0
18:09:17.696567,58,-0.2570382495194818,1.2059458930467053,-0.4924896661821126,0.1391600037168245,30.759999312460423,0
18:09:17.696567,58,-0.2733684292282886,1.2825621678204624,-0.4638805572351255,0.1391600037168245,60.11999865621328,0
18:09:17.696567,58,-0.2857987334329538,1.3408814037044627,-0.4849736163617407,0.1391600037168245,72.87999837100506,0
18:09:17.696567,58,-0.3022091451941289,1.4178741030540376,-0.4484519251877542,0.0697200018621515,60.51999864727259,0
18:09:17.696567,58,-0.2449661400437259,1.2084559358554754,-0.4924896661821126,0.1391600037168245,25.87999942153692,0
18:09:17.696567,58,-0.2566355871216891,1.266023126925224,-0.5159503864879071,0.1391600037168245,44.75999899953604,0
18:09:17.696567,58,-0.2723758533577707,1.3436722998335409,-0.4849736163617407,0.1391600037168245,54.63999877870083,0
18:09:17.696567,58,-0.2842223534264514,1.402112920747738,-0.5060666754883558,0.1391600037168245,48.239998921751976,0
18:09:17.696567,58,-0.2328695341591984,1.210845134083105,-0.4924896661821126,0.1391600037168245,21.51999951899052,0
18:09:17.696567,58,-0.243962735466349,1.2685261393406884,-0.5159503864879071,0.1391600037168245,33.99999924004078,0
18:09:17.696567,58,-0.2550559367734997,1.3262071445982715,-0.5394111067937016,0.1391600037168245,41.879999063909054,0
18:09:17.696567,58,-0.2701872472180629,1.40488499178963,-0.5060666754883558,0.1391600037168245,38.75999913364649,0
18:09:17.696567,58,-0.2312654877418546,1.2709023002049913,-0.5159503864879071,0.1391600037168245,26.519999407231808,0
18:09:17.696567,58,-0.2417813339673559,1.3286913515982088,-0.5394111067937016,0.1391600037168245,32.75999926775694,0
18:09:17.696567,58,-0.0334986497042129,0.1368874707403873,0.2101158416274768,2.644040070619667,3.359999924898148,-1
18:09:17.696567,58,-0.3912107870479435,3.542105800229028,-1.1023642793618584,0.0697200018621515,5.519999876618385,-1
18:09:17.696567,58,-0.3570382336526757,3.5584732003955817,-1.2650833169456857,0.0697200018621515,4.759999893605709,-1
18:09:17.696567,58,0.1272021692537339,0.0890548590752585,0.1997444524705482,-3.0615200817701407,3.63999991863966,-1
18:09:17.755725,59,-0.1710087585959796,0.072742114669703,1.828321243837886,-0.3480400092958007,4.239999905228615,-1
18:09:17.755725,59,-0.4642969317658335,1.008237732828588,1.2714361639348783,0.2088800055789761,22.11999950557947,0
18:09:17.755725,59,-0.4805410178821698,1.090336348694548,1.282275707076843,0.2088800055789761,30.999999307096004,0
18:09:17.755725,59,-0.502391642886517,1.139914906606072,1.249640148825664,0.2088800055789761,36.75999917834997,0
18:09:17.755725,59,-0.530307885549619,1.2196966232738888,1.2693015926847613,0.0697200018621515,30.51999931782484,0
18:09:17.755725,59,-0.4409566446690403,1.0169821022022418,1.2690931172228883,0.2088800055789761,28.639999359846115,0
18:09:17.755725,59,-0.4619624874672454,1.0654280581158488,1.2342749207735175,0.2088800055789761,41.11999908089638,0
18:09:17.755725,59,-0.4894139330010911,1.1447049995185483,1.248356647298096,0.2088800055789761,48.35999891906977,0
18:09:17.755725,59,-0.5028585484401197,1.229676577132615,1.266627472107816,0.1391600037168245,39.11999912559986,0
18:09:17.755725,59,-0.4292197735442007,1.0211847665094644,1.2679670167157089,0.2088800055789761,38.239999145269394,0
18:09:17.755725,59,-0.449666507249093,1.0698309246580044,1.2330951762391649,0.2088800055789761,56.99999872595072,0
18:09:17.755725,59,-0.4763872821323964,1.149369499968984,1.2471067981693071,0.2088800055789761,66.11999852210283,0
18:09:17.755725,59,-0.4890577642158674,1.2344672048670589,1.2653438272751334,0.1391600037168245,51.759998843073845,0
18:09:17.755725,59,-0.4174399808016075,1.025273853107855,1.2668713492638892,0.2088800055789761,52.51999882608652,0
18:09:17.755725,59,-0.4373255607569467,1.0741148029922998,1.2319473144990172,0.2088800055789761,82.99999814480543,0
18:09:17.755725,59,-0.463312992934606,1.1539079415112412,1.2458907264231636,0.2088800055789761,94.75999788194896,0
18:09:17.755725,59,-0.4834639620273437,1.2040951014222507,1.2130920937577103,0.0697200018621515,71.11999841034412,0
18:09:17.755725,59,-0.4950149350664597,1.2907714802970562,1.233423193943773,0.1391600037168245,21.99999950826168,0
18:09:17.755725,59,-0.4056184444106655,1.029248953092179,1.2658062244332569,0.2088800055789761,73.35999836027622,0
18:09:17.755725,59,-0.4249408820751163,1.0782792647344912,1.230831450338287,0.2088800055789761,128.11999713629484,0
18:09:17.755725,59,-0.4501923728256862,1.158319870304968,1.244708553665821,0.2088800055789761,143.6399967893958,0
18:09:17.755725,59,-0.4697726840384932,1.208698919159559,1.211858504512899,0.2088800055789761,101.51999773085116,0
18:09:17.755725,59,-0.4805384838585964,1.2954830806664663,1.2321607244297312,0.1391600037168245,26.359999410808086,0
18:09:17.755725,59,-0.39375634651511,1.0331096689557682,1.2647717487354018,0.2088800055789761,100.7599977478385,0
18:09:17.755725,59,-0.4125137096610943,1.0823238934418933,1.2297476953424546,0.2088800055789761,207.9999953508377,0
18:09:17.755725,59,-0.4238173925803802,1.166762437585387,1.242446374580987,0.2088800055789761,227.7599949091673,0
18:09:17.755725,59,-0.4422505712502851,1.2175086807879143,1.2094979359990703,0.2088800055789761,148.7599966749549,0
18:09:17.755725,59,-0.4606837499201898,1.2682549239904417,1.176549497417153,0.2088800055789761,31.5199992954731,0
18:09:17.755725,59,-0.3636644604078742,0.9874629446055194,1.2988398933479433,0.2783200074336491,6.519999854266644,0
18:09:17.755725,59,-0.3818548733147923,1.0368556146302716,1.2637680256170278,0.2088800055789761,125.63999719172716,0
18:09:17.755725,59,-0.4000452862217105,1.0862482846550237,1.2286961578861124,0.2088800055789761,325.3599927276373,0
18:09:17.755725,59,-0.4182356991286287,1.135640954679776,1.193624290155197,0.2088800055789761,353.11999210715294,0
18:09:17.755725,59,-0.4284224886391481,1.221713743710179,1.2083711927849274,0.1391600037168245,213.5199952274561,0
18:09:17.755725,59,-0.4462793073583746,1.2726352555979343,1.1753757911003453,0.2088800055789761,36.999999172985554,0
18:09:17.755725,59,-0.3699152149470616,1.0404864155242592,1.2627951554496055,0.2088800055789761,128.9999971166253,0
18:09:17.755725,59,-0.3875368585888629,1.0900520459380494,1.227676943122125,0.2088800055789761,384.8799913972616,0
18:09:17.755725,59,-0.4051585022306641,1.1396176763518393,1.1925587307946444,0.2088800055789761,435.6399902626872,0
18:09:17.755725,59,-0.41455156413808,1.2257850295889623,1.207280295021551,0.1391600037168245,267.11999402940273,0
18:09:17.755725,59,-0.4318302372397166,1.2768762342818796,1.1742394242868646,0.1391600037168245,41.63999906927347,0
18:09:17.755725,59,-0.3579385653677513,1.0440017085606843,1.2618532355193368,0.2088800055789761,107.63999759405851,0
18:09:17.755725,59,-0.374989677594835,1.0937347969180282,1.2266901529711147,0.2088800055789761,296.3599933758378,0
18:09:17.755725,59,-0.3920407898219186,1.143467885275372,1.1915270704228926,0.2088800055789761,359.35999196767807,0
18:09:17.755725,59,-0.4006391848279096,1.2297221312990871,1.206225351797804,0.1391600037168245,255.5199942886829,0
18:09:17.755725,59,-0.4173379844591224,1.2809774359479618,1.1731405106124406,0.1391600037168245,44.11999901384115,0
18:09:17.755725,59,-0.3326813592400306,1.0432701704823872,1.249113394336881,0.2088800055789761,79.35999822616577,0
18:09:17.755725,59,-0.349784078103422,1.100735807018552,1.2248142379684772,0.2088800055789761,185.63999585062265,0
18:09:17.755725,59,-0.3656890694334303,1.1507872374958514,1.1895658559062965,0.2088800055789761,232.99999479204416,0
18:09:17.755725,59,-0.3866867419349124,1.2335246551336807,1.2052064686071249,0.1391600037168245,192.35999570041892,0
18:09:17.755725,59,-0.4028039982297283,1.28493845047945,1.1720791599675204,0.1391600037168245,43.63999902456999,0
18:09:17.755725,59,-0.3206442723660829,1.046425517209184,1.2482679217295958,0.2088800055789761,56.759998731315136,0
18:09:17.755725,59,-0.3371281801448689,1.1040533660439522,1.2239253007067787,0.2088800055789761,115.99999740719797,0
18:09:17.755725,59,-0.3524576966036489,1.154255648863708,1.18863649788126,0.2088800055789761,146.63999672234058,0
18:09:17.755725,59,-0.3726956306916881,1.2371922208435453,1.2042237473369783,0.1391600037168245,131.51999706029892,0
18:09:17.755725,59,-0.3882297319379809,1.2887588817782103,1.171055478486279,0.1391600037168245,40.3599990978837,0
18:09:17.755725,59,-0.9194074416819268,3.010946401213324,-0.116491280926553,0.1391600037168245,3.999999910593033,-1
18:09:17.755725,59,-0.3169891912272013,1.0235239915606162,1.2158847525309993,0.2088800055789761,40.99999908357859,0
18:09:17.755725,59,-0.3244385696507476,1.1072485146460258,1.2230691632191557,0.2088800055789761,76.51999828964472,0
18:09:17.755725,59,-0.3391910782994965,1.157596083698047,1.1877414310650305,0.2088800055789761,96.63999783992767,0
18:09:17.755725,59,-0.3586672501976394,1.2407244616751831,1.2032772862586687,0.1391600037168245,89.99999798834324,0
18:09:17.755725,59,-0.3736166429982988,1.2924383478043135,1.170069568536007,0.1391600037168245,35.51999920606613,0
18:09:17.755725,59,-0.2930955404579441,1.0294171538545354,1.214305684453478,0.2088800055789761,30.51999931782484,0
18:09:17.755725,59,-0.311716515571476,1.1103209333125894,1.2222459111186397,0.2088800055789761,53.51999880373478,0
18:09:17.755725,59,-0.3258905411716887,1.1608082079581836,1.186880744963538,0.2088800055789761,67.11999849975109,0
18:09:17.755725,59,-0.3400645667719014,1.2112954826037772,1.1515155788084368,0.2088800055789761,63.51999858021736,0
18:09:17.755725,59,-0.3589661927073332,1.2959764806142395,1.1691215287068732,0.1391600037168245,30.35999932140112,0
18:09:17.755725,59,-0.8359313675129392,2.97755187741861,-0.0857061035583717,0.1391600037168245,3.63999991863966,-1
18:09:17.755725,59,-0.2811041530116843,1.0321903484693902,1.2135626091959733,0.2088800055789761,23.23999948054552,0
18:09:17.755725,59,-0.2989632901018036,1.11327031480435,1.221455626729751,0.2088800055789761,39.35999912023544,0
18:09:17.755725,59,-0.312557415262795,1.1638917004343825,1.1860545256446733,0.2088800055789761,48.99999890476465,0
18:09:17.755725,59,-0.3261515404237865,1.2145130860644149,1.1506534245595954,0.1391600037168245,46.63999895751476,0
18:09:17.755725,59,-0.344279846097839,1.2993729263976714,1.1682114538020665,0.1391600037168245,25.63999942690134,0
18:09:17.755725,59,-0.2690846553856326,1.0348475784504472,1.2128506065684452,0.2088800055789761,18.23999959230423,0
18:09:17.755725,59,-0.2861801685535928,1.11609636418563,1.2206983890802667,0.2088800055789761,29.999999329447743,0
18:09:17.755725,59,-0.299193033874236,1.16684625277998,1.185262855729675,0.2088800055789761,37.11999917030335,0
18:09:17.755725,59,-0.3122058991948793,1.21759614137433,1.1498273223790831,0.1391600037168245,35.35999920964241,0
18:09:17.755725,59,-0.3252187645155225,1.2683460299686804,1.1143917890284911,0.1391600037168245,21.639999516308308,0
18:09:17.755725,59,-0.2982290376376189,1.2205443402305751,1.149037354876426,0.1391600037168245,27.639999382197857,0
18:09:17.755725,59,0.0322072239385277,0.2503231763441755,1.9823929505122189,-2.5048800669028424,3.759999915957451,-1
18:09:17.755725,59,1.9843491096794632,6.694544325451294,1.2919939074871074,0.8349600223009475,3.2399999275803566,-1
18:09:17.755725,59,1.9225616017371407,1.6368801969320734,1.1777706960395835,0.6958000185841229,4.359999902546406,-1
18:09:17.755725,59,1.894186809174491,1.5796797126342743,1.202234973012713,0.6958000185841229,4.8799998909235,-1
18:09:17.755725,59,1.9022180276296328,1.3760924109262034,1.0599053986303053,0.6958000185841229,3.759999915957451,-1
18:09:17.755725,59,0.1919173418205592,0.0340242611363943,1.8386956614248025,-0.5566400148672983,4.119999907910824,-1
18:09:17.813735,60,-0.548131376264616,1.2274184668215289,-0.3575990568549941,0.2088800055789761,27.519999384880062,0
18:09:17.813735,60,-0.5730553946317886,1.283230269859963,-0.3738594021792776,0.2088800055789761,36.87999917566776,0
18:09:17.813735,60,-0.5979794129989611,1.339042072898397,-0.3901197475035612,0.2088800055789761,32.35999927669764,0
18:09:17.813735,60,-0.6290316366397037,1.4085766304569478,-0.3449664854843116,0.2088800055789761,23.11999948322773,0
18:09:17.813735,60,-0.5358299901002573,1.2328383186977168,-0.3575990568549941,0.2088800055789761,35.51999920606613,0
18:09:17.813735,60,-0.5601946535609628,1.288896567193497,-0.3738594021792776,0.2088800055789761,48.119998924434185,0
18:09:17.813735,60,-0.5845593170216682,1.3449548156892777,-0.3901197475035612,0.2088800055789761,42.23999905586243,0
18:09:17.813735,60,-0.6149146540932277,1.414796413603201,-0.3449664854843116,0.2088800055789761,29.35999934375286,0
18:09:17.813735,60,-0.4939569406320485,1.1683180596392824,-0.3923769645258917,0.2783200074336491,22.239999502897263,0
18:09:17.813735,60,-0.5234750213858073,1.238134887774908,-0.3575990568549941,0.2088800055789761,47.35999894142151,0
18:09:17.813735,60,-0.5472778934941124,1.2944339759501509,-0.3738594021792776,0.2088800055789761,65.51999853551388,0
18:09:17.813735,60,-0.5710807656024174,1.3507330641253936,-0.3901197475035612,0.2088800055789761,57.2399987205863,0
18:09:17.813735,60,-0.600736180596518,1.4208747182934116,-0.3449664854843116,0.2088800055789761,38.239999145269394,0
18:09:17.813735,60,-0.4822492573753723,1.173199131195882,-0.3923769645258917,0.2783200074336491,26.99999939650297,0
18:09:17.813735,60,-0.5110677056077866,1.2433076444006317,-0.3575990568549941,0.2088800055789761,65.99999852478504,0
18:09:17.813735,60,-0.5343064060964224,1.299841942393687,-0.3738594021792776,0.2088800055789761,93.6399979069829,0
18:09:17.813735,60,-0.5575451065850583,1.3563762403867423,-0.3901197475035612,0.2088800055789761,81.6399981752038,0
18:09:17.813735,60,-0.5722004381015439,1.4326044752127067,-0.3449664854843116,0.2088800055789761,50.99999886006117,0
18:09:17.813735,60,-0.4704933495969873,1.1779628838222695,-0.3923769645258917,0.2783200074336491,32.63999927043915,0
18:09:17.813735,60,-0.492906231812773,1.234077477986652,-0.4110686180798459,0.2088800055789761,96.23999784886836,0
18:09:17.813735,60,-0.5212814885057653,1.3051199257319928,-0.3738594021792776,0.2088800055789761,142.51999681442976,0
18:09:17.813735,60,-0.5439536935241526,1.3618837801604255,-0.3901197475035612,0.2088800055789761,123.63999723643064,0
18:09:17.813735,60,-0.5578460226536214,1.438254754475927,-0.3449664854843116,0.2088800055789761,68.87999846041203,0
18:09:17.813735,60,-0.5801669215515126,1.4958031417734772,-0.3587695094962569,0.0697200018621515,3.359999924898148,0
18:09:17.813735,60,-0.4586903928778223,1.1826088411471731,-0.3923769645258917,0.2783200074336491,38.6399991363287,0
18:09:17.813735,60,-0.4805410178821698,1.2389447546870402,-0.4110686180798459,0.2088800055789761,145.9999967366457,0
18:09:17.813735,60,-0.5082044432029875,1.3102673981711557,-0.3738594021792776,0.2088800055789761,231.63999482244253,0
18:09:17.813735,60,-0.530307885549619,1.36725513269708,-0.3901197475035612,0.2088800055789761,199.3599955439568,0
18:09:17.813735,60,-0.5434358230707975,1.4437612094686707,-0.3449664854843116,0.2088800055789761,91.87999794632196,0
18:09:17.813735,60,-0.4468415675036608,1.1871365385787525,-0.3923769645258917,0.2088800055789761,43.87999901920557,0
18:09:17.813735,60,-0.4681277502523759,1.243688137949949,-0.4110686180798459,0.2088800055789761,218.99999510496852,0
18:09:17.813735,60,-0.4818992053173271,1.3201687644827829,-0.3738594021792776,0.2088800055789761,382.7599914446473,0
18:09:17.813735,60,-0.5028585484401197,1.3775871412086111,-0.3901197475035612,0.2088800055789761,327.239992685616,0
18:09:17.813735,60,-0.5289712803609575,1.449123289550052,-0.3449664854843116,0.2088800055789761,114.75999743491413,0
18:09:17.813735,60,-0.4349480583471131,1.191545523351058,-0.3923769645258917,0.2088800055789761,46.999998949468136,0
18:09:17.813735,60,-0.4556676702397547,1.2483071534410255,-0.4110686180798459,0.2088800055789761,280.99999371916056,0
18:09:17.813735,60,-0.4763872821323964,1.305068783530993,-0.4297602716338,0.2088800055789761,518.8799884021282,0
18:09:17.813735,60,-0.4890577642158674,1.3825467639912927,-0.3901197475035612,0.2088800055789761,447.7599899917841,0
18:09:17.813735,60,-0.514453840966254,1.4543404585165547,-0.3449664854843116,0.2088800055789761,124.1199972257018,0
18:09:17.813735,60,-0.4230110547491306,1.1958353545693066,-0.3923769645258917,0.2088800055789761,46.63999895751476,0
18:09:17.813735,60,-0.4431620238418683,1.252801339262591,-0.4110686180798459,0.2088800055789761,259.63999419659376,0
18:09:17.813735,60,-0.463312992934606,1.3097673239558758,-0.4297602716338,0.2088800055789761,438.2399902045727,0
18:09:17.813735,60,-0.4752080746249265,1.387368133255874,-0.3901197475035612,0.2088800055789761,389.3599912971258,0
18:09:17.813735,60,-0.4998849566184637,1.459412194655653,-0.3449664854843116,0.2088800055789761,112.11999749392272,0
18:09:17.813735,60,-0.4056184444106655,1.1842014773851202,-0.4427874981085103,0.2783200074336491,42.9999990388751,0
18:09:17.813735,60,-0.4306120616128792,1.257170245999828,-0.4110686180798459,0.2088800055789761,183.23999590426683,0
18:09:17.813735,60,-0.4501923728256862,1.3143348887456865,-0.4297602716338,0.2088800055789761,270.8799939453602,0
18:09:17.813735,60,-0.4613108646246529,1.3920507668694675,-0.3901197475035612,0.2088800055789761,245.35999451577663,0
18:09:17.813735,60,-0.4817927716550848,1.4538569296440222,-0.3910838186085425,0.2088800055789761,88.51999802142382,0
18:09:17.813735,60,-0.39375634651511,1.1881983845580255,-0.4427874981085103,0.2783200074336491,37.35999916493893,0
18:09:17.813735,60,-0.4053842139104755,1.2655304872447557,-0.4110686180798459,0.2088800055789761,119.3599973320961,0
18:09:17.813735,60,-0.4238173925803802,1.3230752775526138,-0.4297602716338,0.2088800055789761,162.11999637633562,0
18:09:17.813735,60,-0.4473675239244034,1.3965941965726358,-0.3901197475035612,0.2088800055789761,147.87999669462442,0
18:09:17.813735,60,-0.4672303555551078,1.458602084717035,-0.3910838186085425,0.2088800055789761,65.75999853014946,0
18:09:17.813735,60,-0.3818548733147923,1.1920764728879494,-0.4427874981085103,0.2783200074336491,31.359999299049377,0
18:09:17.813735,60,-0.3927088512006953,1.2695209857353256,-0.4110686180798459,0.2088800055789761,79.23999822884798,0
18:09:17.813735,60,-0.4105656699199217,1.327247227538172,-0.4297602716338,0.2088800055789761,102.9999976977706,0
18:09:17.813735,60,-0.4333794468465665,1.4009979680262146,-0.3901197475035612,0.2088800055789761,94.11999789625406,0
18:09:17.813735,60,-0.4514428735437957,1.4593921172701407,-0.4063800928278447,0.1391600037168245,48.51999891549349,0
18:09:17.813735,60,-0.3699152149470616,1.1958353545693063,-0.4427874981085103,0.2783200074336491,25.999999418854717,0
18:09:17.813735,60,-0.3875368585888629,1.2528013392625912,-0.4638805572351255,0.2783200074336491,54.9999987706542,0
18:09:17.813735,60,-0.3972728910364434,1.3312864539129452,-0.4297602716338,0.2088800055789761,69.87999843806028,0
18:09:17.813735,60,-0.41455156413808,1.3891883746349625,-0.4484519251877542,0.2088800055789761,63.879998572170734,0
18:09:17.813735,60,-0.4368266239735133,1.4638335016700523,-0.4063800928278447,0.1391600037168245,36.35999918729067,0
18:09:17.813735,60,-0.374989677594835,1.256614003630545,-0.4638805572351255,0.2783200074336491,39.99999910593033,0
18:09:17.813735,60,-0.383940385196697,1.3351925527576798,-0.4297602716338,0.2088800055789761,49.99999888241291,0
18:09:17.813735,60,-0.4006391848279096,1.3932643622553065,-0.4484519251877542,0.2088800055789761,45.759998977184296,0
18:09:17.813735,60,-0.4221666921068073,1.4681285039461975,-0.4063800928278447,0.1391600037168245,27.99999937415123,0
18:09:17.813735,60,-0.349784078103422,1.263861982626428,-0.4638805572351255,0.2783200074336491,30.23999932408333,0
18:09:17.813735,60,-0.3705694856400964,1.3389651334657644,-0.4297602716338,0.2088800055789761,37.51999916136265,0
18:09:17.813735,60,-0.3866867419349124,1.3972010246067028,-0.4484519251877542,0.2088800055789761,34.23999923467636,0
18:09:17.813735,60,-0.4074645439245822,1.4722766946019477,-0.4063800928278447,0.1391600037168245,21.99999950826168,0
18:09:17.813735,60,-0.3371281801448689,1.2672965724625291,-0.4638805572351255,0.2088800055789761,23.639999471604824,0
18:09:17.813735,60,-0.3571615294453953,1.3426038187822884,-0.4297602716338,0.2088800055789761,28.999999351799488,0
18:09:17.813735,60,-0.3726956306916881,1.4009979680262146,-0.4484519251877542,0.1391600037168245,26.6399994045496,0
18:09:17.813735,60,-0.5001696444709449,1.7393918695761297,-1.1600740288076872,0.6263600167294499,3.879999913275242,1
18:09:17.813735,60,-0.4827510077884417,1.744306513683011,-1.1600740288076872,0.6263600167294499,4.359999902546406,1
18:09:17.813735,60,-0.4969545204027544,1.7956275449612755,-1.1942057568328466,0.6263600167294499,5.239999882876873,1
18:09:17.813735,60,-0.4652840964096089,1.7490467285999047,-1.1600740288076872,0.6263600167294499,5.119999885559082,1
18:09:17.813735,60,-0.4789736971063912,1.8005072266038324,-1.1942057568328466,0.6263600167294499,5.759999871253967,1
18:09:17.813735,60,-0.4477706570109505,1.7536120403092916,-1.1600740288076872,0.6263600167294499,6.8799998462200165,1
18:09:17.813735,60,-0.4609449768416018,1.805206859032196,-1.1942057568328466,0.6263600167294499,7.1199998408555984,1
18:09:17.813735,60,-0.4188411527456588,1.7115348393917738,-1.2315218568205346,0.6263600167294499,8.879999801516533,1
18:09:17.813735,60,-0.431164307954945,1.7618916616229774,-1.2677557246860531,0.6263600167294499,8.759999804198742,1
18:09:17.813735,60,-0.4017051481064755,1.7156376049941,-1.2315218568205346,0.6263600167294499,10.759999759495258,1
18:09:17.813735,60,-0.4135241273448681,1.766115138900776,-1.2677557246860531,0.6263600167294499,10.119999773800371,1
18:09:17.813735,60,-0.6986625593865045,3.446610690358649,-1.2439902578190705,0.0697200018621515,6.239999860525131,-1
18:09:17.813735,60,-0.3565072137285128,1.6726242535542877,-1.195287988955016,0.6263600167294499,5.639999873936176,1
18:09:17.813735,60,-0.3845289732890305,1.7195688082732894,-1.2315218568205346,0.6263600167294499,11.879999734461308,1
18:09:17.813735,60,-0.3958425946685078,1.7701620061443375,-1.2677557246860531,0.6263600167294499,10.99999975413084,1
18:09:17.813735,60,-0.3500629873769467,1.7269149725895208,-1.2315218568205346,0.6263600167294499,12.11999972909689,1
18:09:17.813735,60,-0.3603625496291118,1.7777243094967363,-1.2677557246860531,0.6263600167294499,11.119999751448631,1
18:09:17.813735,60,-0.4185419960401796,1.871671086803036,-1.648487654775901,0.2088800055789761,4.8799998909235,1
18:09:17.813735,60,-0.4235617050879443,1.9872236900833369,-1.609750970926102,0.2783200074336491,2.999999932944774,1
18:09:17.813735,60,-0.640270611035701,3.518559557953704,-1.2650833169456857,0.0697200018621515,10.759999759495258,-1
18:09:17.813735,60,-0.3327766228520235,1.7303291990162852,-1.2315218568205346,0.6263600167294499,11.639999739825726,1
18:09:17.813735,60,-0.3425675852408549,1.781238989381574,-1.2677557246860531,0.6263600167294499,10.759999759495258,1
18:09:17.813735,60,-0.3498782706690306,1.8192521537462485,-1.3225813213189277,0.6263600167294499,5.519999876618385,1
18:09:17.813735,60,-0.3864356766653586,1.813039569295668,-1.6258778023055969,0.2088800055789761,4.8799998909235,1
18:09:17.813735,60,-0.579276085585083,3.5895280360802886,-1.2861763760723006,0.0697200018621515,7.879999823868275,-1
18:09:17.813735,60,-0.3132364567441153,1.7213676682641057,-1.249080371446618,0.6263600167294499,10.639999762177467,1
18:09:17.813735,60,-0.2960074056477652,1.7244139128933895,-1.249080371446618,0.6263600167294499,9.519999787211418,1
18:09:17.813735,60,-0.4424082407754007,3.669022081157107,-1.3072694351989158,0.0697200018621515,3.359999924898148,-1
18:09:17.813735,60,-0.1930835175013334,1.7482192974047015,-1.542630485042662,-0.6263600167294499,2.999999932944774,1
18:09:17.813735,60,0.0,6.090572287591048,-3.487229122266149,-1.1830000315967482,2.999999932944774,-1
18:09:17.813735,60,0.0766753024166915,0.0583853080897926,-0.2339253297082164,-0.0697200018621515,3.359999924898148,-1
18:09:17.865360,61,-0.6055641787212194,1.00348461489694,1.2508726163604271,0.3480400092958007,23.87999946624041,0
18:09:17.865360,61,-0.6330997174013898,1.0491139476735265,1.2168091318060037,0.3480400092958007,31.999999284744263,0
18:09:17.865360,61,-0.6606352560815604,1.0947432804501125,1.1827456472515805,0.2088800055789761,33.11999925971031,0
18:09:17.865360,61,-0.5939022934892554,1.0092776412591344,1.2493203796249448,0.3480400092958007,30.63999931514263,0
18:09:17.865360,61,-0.6209075559358372,1.055170388066928,1.2151863134935843,0.3480400092958007,41.23999907821417,0
18:09:17.865360,61,-0.6479128183824191,1.1010631348747206,1.1810522473622245,0.2088800055789761,41.879999063909054,0
18:09:17.865360,61,-0.5821810185255143,1.0149577346910776,1.2477984031769225,0.3480400092958007,40.23999910056591,0
18:09:17.865360,61,-0.608653304234888,1.0611087603698777,1.213595131430654,0.3480400092958007,54.51999878138304,0
18:09:17.865360,61,-0.6351255899442616,1.1072597860486777,1.179391859684385,0.2088800055789761,53.51999880373478,0
18:09:17.865360,61,-0.6615978756536353,1.1534108117274773,1.1451885879381165,0.2088800055789761,31.63999929279089,0
18:09:17.865360,61,-0.5704015259476723,1.0205243271881848,1.2463068392127294,0.3480400092958007,53.99999879300594,0
18:09:17.865360,61,-0.5963381877134454,1.0669284707501203,1.2120357447340848,0.3480400092958007,73.35999836027622,0
18:09:17.865360,61,-0.6222748494792184,1.1133326143120563,1.17776465025544,0.2088800055789761,68.35999847203493,0
18:09:17.865360,61,-0.6482115112449914,1.159736757873992,1.1434935557767951,0.2088800055789761,36.87999917566776,0
18:09:17.865360,61,-0.5466726054111615,1.0313147941652103,1.2434155423002806,0.3480400092958007,72.99999836832285,0
18:09:17.865360,61,-0.5715302921777007,1.0782095898021262,1.2090129779943806,0.2783200074336491,98.6399977952242,0
18:09:17.865360,61,-0.5963879789442399,1.1251043854390417,1.1746104136884803,0.2088800055789761,85.35999809205532,0
18:09:17.865360,61,-0.621245665710779,1.1719991810759574,1.1402078493825798,0.2088800055789761,41.63999906927347,0
18:09:17.865360,61,-0.5347255503246661,1.0365375896074718,1.2420160984792938,0.3480400092958007,95.9999978542328,0
18:09:17.865360,61,-0.559039993932168,1.083669870371435,1.2075499002253869,0.2783200074336491,127.35999715328217,0
18:09:17.865360,61,-0.5833544375396698,1.130802151135398,1.1730837019714797,0.4174800111504737,100.2399977594614,0
18:09:17.865360,61,-0.6076688811471717,1.177934431899361,1.1386175037175723,0.2088800055789761,44.75999899953604,0
18:09:17.865360,61,-0.5227250231311317,1.0416447261474855,1.2406476453677615,0.2783200074336491,114.9999974295497,0
18:09:17.865360,61,-0.5464937921556062,1.0890092329259389,1.2061192223408106,0.2783200074336491,146.99999671429396,0
18:09:17.865360,61,-0.5702625611800807,1.1363737397043918,1.1715907993138597,0.4174800111504737,105.87999763339758,0
18:09:17.865360,61,-0.5985869082311769,1.1429752884807445,1.0867245743549918,0.2088800055789761,45.2399989888072,0
18:09:17.865360,61,-0.4874515062887652,0.9990442426178966,1.2738995522124563,0.3480400092958007,18.759999580681324,0
18:09:17.865360,61,-0.5106722238732235,1.0466356930758756,1.239310319809849,0.2783200074336491,116.87999738752842,0
18:09:17.865360,61,-0.5338929414576817,1.094227143533855,1.2047210874072416,0.2783200074336491,142.99999680370092,0
18:09:17.865360,61,-0.5617396479680925,1.1027301336278008,1.1217965560049556,0.3480400092958007,98.87999778985976,0
18:09:17.865360,61,-0.585153178600041,1.148692361602732,1.0851926892288857,0.2088800055789761,42.87999904155731,0
18:09:17.865360,61,-0.4967798389434528,1.043919183080239,1.2264861251275188,0.2783200074336491,99.99999776482582,0
18:09:17.865360,61,-0.5212387019129076,1.099323080408495,1.2033556352370018,0.2783200074336491,118.75999734550714,0
18:09:17.865360,61,-0.5357800017544052,1.113331712524415,1.118955871501113,0.3480400092958007,83.3599981367588,0
18:09:17.865360,61,-0.5581115240680566,1.1597358184994857,1.0822336038717526,0.2088800055789761,38.35999914258719,0
18:09:17.865360,61,-0.5804430463817082,1.206139924474556,1.045511336242392,0.3480400092958007,3.63999991863966,0
18:09:17.865360,61,-0.4791448792688396,1.0252095443501497,1.1911447851143917,0.3480400092958007,76.7599982842803,0
18:09:17.865360,61,-0.5009320206158951,1.071826728879371,1.154365423258522,0.3480400092958007,90.23999798297882,0
18:09:17.865360,61,-0.5227191619629505,1.1184439134085924,1.117586061402652,0.3480400092958007,66.35999851673841,0
18:09:17.865360,61,-0.5445063033100059,1.1650610979378138,1.0808066995467824,0.2088800055789761,33.11999925971031,0
18:09:17.865360,61,-0.4671248873240782,1.0297797143637544,1.1899202117499732,0.3480400092958007,56.63999873399735,0
18:09:17.865360,61,-0.4883654690086561,1.076604708564694,1.1530851674603873,0.3480400092958007,66.87999850511551,0
18:09:17.865360,61,-0.5096060506932341,1.1234297027656344,1.116250123170801,0.3480400092958007,51.759998843073845,0
18:09:17.865360,61,-0.5286998567247514,1.1611166361958811,1.066696502460823,0.2088800055789761,27.87999937683344,0
18:09:17.865360,61,-0.4550581832819419,1.0342335536019158,1.1887268091228895,0.3480400092958007,41.999999061226845,0
18:09:17.865360,61,-0.4757500812636693,1.0812610678113488,1.151837499760577,0.3480400092958007,49.87999888509512,0
18:09:17.865360,61,-0.4964419792453967,1.1282885820207815,1.114948190398264,0.3480400092958007,40.3599990978837,0
18:09:17.865360,61,-0.4429459738027256,1.0385706166844415,1.187564696572404,0.3480400092958007,31.75999929010868,0
18:09:17.865360,61,-0.4630871189091399,1.085795340987311,1.1506225449248155,0.3480400092958007,37.99999915063381,0
18:09:17.865360,61,-0.48127405990313,1.12420885856524,1.1014811129738789,0.3480400092958007,31.87999928742647,0
18:09:17.865360,61,-0.4307894700972295,1.0427904699086576,1.1864339903087977,0.3480400092958007,24.51999945193529,0
18:09:17.865360,61,-0.4503778482306945,1.0902070746690622,1.149440424447569,0.3480400092958007,29.759999334812164,0
18:09:17.865360,61,-0.5207179487593492,1.3072398906807692,0.3747608829576425,0.4872000130126253,6.8799998462200165,1
18:09:17.865360,61,-0.5360385256910989,1.3457015364933325,0.3269430556972965,0.4872000130126253,8.759999804198742,1
18:09:17.865360,61,-0.5038587979324755,1.312188257509847,0.3734349720619381,0.4872000130126253,7.519999831914902,1
18:09:17.865360,61,-0.5186833444933449,1.3507954942990072,0.3255781338169878,0.4872000130126253,9.999999776482582,1
18:09:17.865360,61,-0.4869492616479417,1.316973532748467,0.3721527614261892,0.4872000130126253,7.999999821186066,1
18:09:17.865360,61,-0.5012762953956948,1.3557215620292395,0.3242581979468111,0.4872000130126253,10.99999975413084,1
18:09:17.865360,61,-0.4699910308452097,1.3215952378731155,0.3709143792703848,0.4174800111504737,8.119999818503857,1
18:09:17.865360,61,-0.4838191190884749,1.3604792470813836,0.3229833800792474,0.4872000130126253,11.639999739825726,1
18:09:17.865360,61,-0.8153251193394624,3.036082630632855,-0.1232265133002803,0.1391600037168245,10.87999975681305,-1
18:09:17.865360,61,-0.8289192445004538,3.086704016262888,-0.1586276143853577,0.1391600037168245,8.759999804198742,-1
18:09:17.865360,61,-0.4487613724954561,1.3694875829790327,0.320569603750324,0.4872000130126253,12.639999717473984,1
18:09:17.865360,61,-0.7674504484162759,2.993039872396438,-0.0898560993050581,0.1391600037168245,6.359999857842922,-1
18:09:17.865360,61,-0.8064890443782056,3.145289538179489,-0.196162699356833,0.1391600037168245,3.519999921321869,-1
18:09:17.865360,61,-0.4223490861040387,1.4000331291381842,0.2556253150538259,0.4872000130126253,9.879999779164793,1
18:09:17.865360,61,-0.0339215118038863,0.1133174536347586,1.7763540927734156,-3.757320100354264,3.1199999302625656,-1
18:09:17.865360,61,-0.3221348182407009,1.4608558918400116,0.2012810135862828,-0.3480400092958007,4.239999905228615,1
18:09:17.865360,61,1.1625129778078018,4.366748634442017,7.369907604566432,0.2088800055789761,3.2399999275803566,-1
18:09:17.865360,61,0.1257752791240363,0.2168462506563565,2.034165608703493,-2.365720063186018,3.999999910593033,-1
18:09:17.865360,61,1.7239390344613126,1.875564715999152,1.2503520016478986,0.6958000185841229,4.999999888241291,-1
18:09:17.865360,61,1.8057139685585584,1.8857462315664368,1.2417385157150798,0.6958000185841229,7.1199998408555984,-1
18:09:17.865360,61,1.8600402437620585,1.8743312175440527,1.1244101909337008,0.6263600167294499,5.759999871253967,-1
18:09:17.865360,61,1.96867696382107,1.7903996134357043,0.9929108441375188,0.6263600167294499,3.1199999302625656,-1
18:09:17.918753,62,-0.7039413009794859,1.1668048952624834,1.4921848322803564,0.4174800111504737,23.75999946892261,0
18:09:17.918753,62,-0.73710803311367,1.2336610242500528,1.512600068198129,0.4174800111504737,29.879999332129955,0
18:09:17.918753,62,-0.6913215220423609,1.173543553243527,1.4903792143162662,0.4174800111504737,28.759999357163903,0
18:09:17.918753,62,-0.7238936636517129,1.240717179249513,1.510709377164355,0.4174800111504737,35.63999920338392,0
18:09:17.918753,62,-0.7540658377709688,1.292430761844262,1.4903155505453405,0.4174800111504737,36.35999918729067,0
18:09:17.918753,62,-0.6777114689374166,1.1747622443476886,1.4751342099877471,0.4174800111504737,34.35999923199415,0
18:09:17.918753,62,-0.708148521918615,1.2314889238873852,1.4663641972262056,0.4174800111504737,41.51999907195568,0
18:09:17.918753,62,-0.7376644323050087,1.282817869149907,1.4441220459738546,0.4174800111504737,39.759999111294746,0
18:09:17.918753,62,-0.6649720111524355,1.1812469614918946,1.473396635265813,0.4174800111504737,39.99999910593033,0
18:09:17.918753,62,-0.6948369157056884,1.2382648795428643,1.4645485853803708,0.4174800111504737,46.11999896913767,0
18:09:17.918753,62,-0.7237979930818892,1.2898762493162328,1.4422307587084158,0.4174800111504737,41.63999906927347,0
18:09:17.918753,62,-0.6491158833995351,1.1706523853576225,1.4316120814318225,0.4174800111504737,44.519999004900455,0
18:09:17.918753,62,-0.681455826383326,1.2449119183069624,1.4627675167114722,0.4174800111504737,48.35999891906977,0
18:09:17.918753,62,-0.7098591746658601,1.296800339284172,1.440375454393186,0.4174800111504737,41.51999907195568,0
18:09:17.918753,62,-0.636304911231105,1.1768605426695025,1.4299486106936188,0.4174800111504737,46.35999896377325,0
18:09:17.918753,62,-0.6670998726916909,1.245769810225965,1.4469703366552975,0.4174800111504737,47.23999894410372,0
18:09:17.918753,62,-0.695849370927085,1.303589446650529,1.4385563185570427,0.4174800111504737,39.35999912023544,0
18:09:17.918753,62,-0.5904541380024209,1.1021165844317695,1.390422991706458,0.3480400092958007,24.35999945551157,0
18:09:17.918753,62,-0.6223289950775213,1.177036066034506,1.4150760865384862,0.4174800111504737,45.11999899148941,0
18:09:17.918753,62,-0.6400391361569592,1.2583962240989692,1.443587099254725,0.4174800111504737,43.239999033510685,0
18:09:17.918753,62,-0.6676224183142199,1.3167600115243372,1.435027276335244,0.4174800111504737,35.879999198019505,0
18:09:17.918753,62,-0.609414904061204,1.1829849816936764,1.4134820793917706,0.4174800111504737,40.99999908357859,0
18:09:17.918753,62,-0.6370456803043534,1.2406133451497006,1.4017878321223365,0.4174800111504737,37.75999915599823,0
18:09:17.918753,62,-0.6525211880414014,1.3172181566456287,1.4186883565327442,0.4174800111504737,31.75999929010868,0
18:09:17.918753,62,-0.1033466699340533,0.2089522507374202,2.098323083789296,-1.1132800297345966,4.639999896287918,-1
18:09:17.918753,62,-0.5916225862989963,1.163908509766913,1.359575953236947,0.4174800111504737,35.63999920338392,0
18:09:17.918753,62,-0.6234823623909288,1.2467012787024925,1.4001565752432916,0.4174800111504737,31.999999284744263,0
18:09:17.918753,62,-0.6742631250988073,1.3439242002581535,1.3351893210555197,0.3480400092958007,19.239999569952488,0
18:09:17.918753,62,-0.5786931884126455,1.169560747901175,1.3580614405934428,0.4174800111504737,29.999999329447743,0
18:09:17.918753,62,-0.5951168882715702,1.2522744922599958,1.383192936094443,0.4174800111504737,26.75999940186739,0
18:09:17.918753,62,-0.565705921692283,1.1750878171167842,1.3565804668606094,0.4174800111504737,24.99999944120645,0
18:09:17.918753,62,-0.5709256083689077,1.25385171468377,0.9921562104701092,0.3480400092958007,8.359999813139439,-1
18:09:17.918753,62,-0.5818741865178061,1.258087079709261,0.8988984192516662,0.2088800055789761,2.999999932944774,-1
18:09:17.918753,62,-1.0728029683167044,2.9129961637918065,-0.0684084522252548,0.0697200018621515,12.639999717473984,1
18:09:17.918753,62,-1.0392590702739797,2.92319672491762,-0.0711416843412604,0.0697200018621515,15.239999659359457,1
18:09:17.918753,62,-1.056880713915781,2.9727623553314086,-0.1062598966687411,0.0697200018621515,15.75999964773655,1
18:09:17.918753,62,-0.5784658470621805,1.2238983422889824,0.249337389229433,0.2783200074336491,3.359999924898148,-1
18:09:17.918753,62,-0.594999044001486,1.2588787174131475,0.1993015057539526,0.2783200074336491,2.999999932944774,-1
18:09:17.918753,62,-1.0056112471949197,2.9330727722526784,-0.0737879632491012,0.0697200018621515,18.23999959230423,1
18:09:17.918753,62,-1.0226623594220032,2.982805860610022,-0.108951045797323,0.0697200018621515,18.759999580681324,1
18:09:17.918753,62,-0.9380172950002086,2.9518474077145607,-0.078818611659301,0.0697200018621515,21.239999525249004,1
18:09:17.918753,62,-0.9539222863302168,3.00189883819186,-0.1140669937214822,0.0697200018621515,21.87999951094389,1
18:09:17.918753,62,-0.9040779252231468,2.9607441183935683,-0.0812024781010345,0.0697200018621515,23.9999994635582,1
18:09:17.918753,62,-0.91610924287007,2.989730897784251,-0.147765497208645,0.0697200018621515,24.63999944925308,1
18:09:17.918753,62,-0.8553539500731158,2.919163993771127,-0.0483102884144872,0.0697200018621515,9.519999787211418,1
18:09:17.918753,62,-0.866927016648027,2.948420051031698,-0.1142429223747623,0.0697200018621515,25.63999942690134,1
18:09:17.918753,62,-0.9056663505331488,2.924299199386328,-0.2402870956683518,0.0697200018621515,26.359999410808086,1
18:09:17.918753,62,-0.8329326231933573,2.95662981089892,-0.1164427209012379,0.0697200018621515,25.63999942690134,1
18:09:17.918753,62,-0.8374000623063158,2.941136488907685,-0.2447986337983287,0.0697200018621515,26.519999407231808,1
18:09:17.918753,62,-0.8513622486621547,2.990174813126325,-0.2822267380787409,0.1391600037168245,11.119999751448631,1
18:09:17.918753,62,-0.7897486475404522,2.899889322069624,-0.2094581638461461,0.0697200018621515,24.119999460875988,1
18:09:17.918753,62,-0.8031396004141024,2.949059752904261,-0.2469216659876298,0.0697200018621515,25.11999943852425,1
18:09:17.918753,62,-0.7559804449273254,2.9073546823685037,-0.2114585011094383,0.0697200018621515,21.639999516308308,1
18:09:17.918753,62,-0.7687988252347187,2.956651695614213,-0.2489559209057446,0.0697200018621515,22.63999949395657,1
18:09:17.918753,62,-0.722136644903067,2.9144934990559075,-0.2133713412757418,0.0697200018621515,18.759999580681324,1
18:09:17.918753,62,-0.7343811708169115,2.963911557849631,-0.2509011951288862,0.0697200018621515,19.759999558329586,1
18:09:17.918753,62,-0.6882206318193248,2.9213050582561486,-0.2151964930626433,0.0697200018621515,15.87999964505434,1
18:09:17.918753,62,-0.6970596813972318,2.948252046760798,-0.2831034331319397,0.0697200018621515,16.8799996227026,1
18:09:17.918753,62,-0.3298653942244978,4.176056908534829,-3.630947989453005,2.5048800669028424,3.1199999302625656,-1
18:09:17.918753,62,0.0508379988854885,3.6345144846938062,-4.077447405958421,2.5048800669028424,2.999999932944774,-1
18:09:17.918753,62,0.0469431384005806,0.1556104916735686,1.8061167291416225,-0.904680024163099,3.879999913275242,-1
18:09:17.918753,62,1.614393497843793,1.9201475951857876,1.1291109331863125,0.6958000185841229,4.639999896287918,-1
18:09:17.918753,62,1.6928050252717677,1.923821901049268,1.0917474447477056,3.33984008920379,6.11999986320734,-1
18:09:17.918753,62,1.8060622835139792,1.9649109545884544,1.2146410350534564,0.1391600037168245,5.879999868571758,-1
18:09:17.918753,62,1.9393357683504444,2.003436509267971,1.433725099924933,0.6958000185841229,2.999999932944774,-1
18:09:17.918753,62,0.2032421971002479,0.0987409740072342,1.8861938690118345,0.7655200204462744,4.519999898970127,-1
18:09:17.974220,63,-5.212596254083688,0.7042969192248165,-2.741355624212725,-0.974120026017772,2.999999932944774,-1
18:09:17.974220,63,-4.674408849367227,4.954520549229528,0.3093002106308571,3.896480104071088,3.519999921321869,-1
18:09:17.974220,63,-0.7701778615292276,1.0387242300190431,1.334626947509198,0.4872000130126253,37.35999916493893,0
18:09:17.974220,63,-0.8036753686577981,1.0839016806284325,1.3056877379028422,0.4872000130126253,39.759999111294746,0
18:09:17.974220,63,-0.832463346163127,1.1652205031106535,1.3306445217256253,0.4872000130126253,28.639999359846115,0
18:09:17.974220,63,-0.7171025112125161,0.9742657094420466,1.3133767411295147,0.4174800111504737,32.35999927669764,0
18:09:17.974220,63,-0.7497097964994979,1.0185664327506083,1.2821553743979848,0.4872000130126253,46.879998952150345,0
18:09:17.974220,63,-0.7789828777612554,1.0991894946279643,1.3015913804876302,0.4872000130126253,50.6399988681078,0
18:09:17.974220,63,-0.8114511921061645,1.1450041473694592,1.272481433084561,0.4872000130126253,36.51999918371439,0
18:09:17.974220,63,-0.8522220967234688,1.220141411152325,1.30163856679108,0.4872000130126253,20.119999550282955,0
18:09:17.974220,63,-0.1273523102308438,0.1761984476417953,2.129400549488853,1.600480042747222,3.759999915957451,-1
18:09:17.974220,63,-0.7058790472334969,0.981138239747794,1.3115352521841313,0.4174800111504737,39.11999912559986,0
18:09:17.974220,63,-0.7379759916889381,1.0257514630864335,1.2802301513219072,0.4872000130126253,59.51999866962433,0
18:09:17.974220,63,-0.7665191665747794,1.106653758359459,1.2995913370486836,0.4872000130126253,65.51999853551388,0
18:09:17.974220,63,-0.7984679885094448,1.1527795245645565,1.2703980270442874,0.4872000130126253,47.35999894142151,0
18:09:17.974220,63,-0.8304168104441102,1.198905290769654,1.2412047170398917,0.4872000130126253,24.51999945193529,0
18:09:17.974220,63,-0.6945849959411403,0.9879020179019804,1.3097229032899338,0.4174800111504737,46.63999895751476,0
18:09:17.974220,63,-0.7261683898974862,1.032822796214202,1.2783353933209105,0.4872000130126253,75.51999831199646,0
18:09:17.974220,63,-0.757751783853832,1.0777435745264234,1.2469478833518868,0.4872000130126253,85.35999809205532,0
18:09:17.974220,63,-0.7854049387828314,1.1604291069703585,1.2683483276162175,0.4872000130126253,62.23999860882759,0
18:09:17.974220,63,-0.8168310734518265,1.2068609532559031,1.2390730037014466,0.4872000130126253,29.999999329447743,0
18:09:17.974220,63,-0.6717896559448171,1.0011006232098356,1.3061863476564768,0.4174800111504737,54.239998787641525,0
18:09:17.974220,63,-0.7023365256346156,1.0466215537763506,1.2746380273755795,0.4872000130126253,93.87999790161848,0
18:09:17.974220,63,-0.732883395324414,1.0921424843428655,1.2430897070946827,0.4872000130126253,109.63999754935504,0
18:09:17.974220,63,-0.7722633492203527,1.1679521296350328,1.266332539768577,0.4872000130126253,80.99999818950891,0
18:09:17.974220,63,-0.8031636540365394,1.214684992010118,1.236976558835705,0.4872000130126253,36.51999918371439,0
18:09:17.974220,63,-0.6602906467557521,1.007534130514032,1.3044624945698176,0.4174800111504737,60.23999865353108,0
18:09:17.974220,63,-0.6903146463296567,1.0533475983465357,1.272835789164743,0.4872000130126253,110.63999752700327,0
18:09:17.974220,63,-0.7203386459035613,1.0991610661790394,1.241209083759668,0.4872000130126253,133.23999702185392,0
18:09:17.974220,63,-0.7590445339699547,1.1753478402626172,1.2643508650784616,0.4872000130126253,100.6399977505207,0
18:09:17.974220,63,-0.78941591892874,1.2223766246349788,1.2349155920853967,0.4872000130126253,43.63999902456999,0
18:09:17.974220,63,-0.6192274819719962,0.9677553060811526,1.3344722221493537,0.4174800111504737,5.239999882876873,0
18:09:17.974220,63,-0.6487256090552037,1.013856246099705,1.3027684888041804,0.4174800111504737,62.759998597204685,0
18:09:17.974220,63,-0.6782237361384111,1.0599571861182573,1.2710647554590075,0.4872000130126253,118.87999734282494,0
18:09:17.974220,63,-0.7077218632216187,1.10605812613681,1.2393610221138345,0.4872000130126253,145.11999675631523,0
18:09:17.974220,63,-0.7372199903048262,1.152159066155362,1.2076572887686616,0.4872000130126253,113.35999746620656,0
18:09:17.974220,63,-0.7616850085776019,1.237359608186779,1.230900913742483,0.4872000130126253,50.1199988797307,0
18:09:17.974220,63,-0.6370956993372525,1.020066337760593,1.3011044997587222,0.4174800111504737,60.87999863922596,0
18:09:17.974220,63,-0.6660650041417682,1.066449656138276,1.2693251033602602,0.4872000130126253,113.87999745458364,0
18:09:17.974220,63,-0.6950343089462837,1.1128329745159595,1.237545706961798,0.4872000130126253,137.63999692350626,0
18:09:17.974220,63,-0.7240036137507994,1.1592162928936427,1.2057663105633358,0.4872000130126253,111.11999751627444,0
18:09:17.974220,63,-0.752972918555315,1.2055996112713263,1.1739869141648738,0.4872000130126253,53.87999879568815,0
18:09:17.974220,63,-0.625402080583127,1.0261637844927325,1.2994706938309537,0.4174800111504737,55.23999876528978,0
18:09:17.974220,63,-0.6538396662027408,1.0728243591650295,1.2676170068322534,0.4872000130126253,98.35999780148268,0
18:09:17.974220,63,-0.6822772518223545,1.1194849338373267,1.235763319833553,0.4872000130126253,115.63999741524458,0
18:09:17.974220,63,-0.7107148374419684,1.1661455085096235,1.2039096328348526,0.4872000130126253,95.3599978685379,0
18:09:17.974220,63,-0.7391524230615821,1.2128060831819212,1.1720559458361524,0.4872000130126253,53.63999880105257,0
18:09:17.974220,63,-0.6055641787212194,1.00348461489694,1.2508726163604271,0.4174800111504737,47.75999893248081,0
18:09:17.974220,63,-0.6330997174013898,1.0491139476735265,1.2168091318060037,0.4872000130126253,79.63999821990728,0
18:09:17.974220,63,-0.6565597386314694,1.1324175369005984,1.232298039286717,0.4872000130126253,90.63999797403812,0
18:09:17.974220,63,-0.6839254081329129,1.179617147581958,1.2002999180246972,0.4872000130126253,75.35999831557274,0
18:09:17.974220,63,-0.7112910776343563,1.2268167582633172,1.1683017967626774,0.4872000130126253,49.51999889314175,0
18:09:17.974220,63,-0.5939022934892554,1.0092776412591344,1.2493203796249448,0.4174800111504737,40.11999910324812,0
18:09:17.974220,63,-0.6209075559358372,1.055170388066928,1.2151863134935843,0.4872000130126253,62.639998599886894,0
18:09:17.974220,63,-0.6479128183824191,1.1010631348747206,1.1810522473622245,0.4872000130126253,69.35999844968319,0
18:09:17.974220,63,-0.6704274340531752,1.18615822388569,1.1985472419114818,0.4872000130126253,57.759998708963394,0
18:09:17.974220,63,-0.697253013812064,1.2336195603783486,1.166478991429686,0.4872000130126253,42.9999990388751,0
18:09:17.974220,63,-0.5821810185255143,1.0149577346910776,1.2477984031769225,0.4174800111504737,33.11999925971031,0
18:09:17.974220,63,-0.608653304234888,1.0611087603698777,1.213595131430654,0.4872000130126253,48.99999890476465,0
18:09:17.974220,63,-0.6351255899442616,1.1072597860486777,1.179391859684385,0.4872000130126253,53.23999880999327,0
18:09:17.974220,63,-0.6615978756536353,1.1534108117274773,1.1451885879381165,0.4174800111504737,44.23999901115894,0
18:09:17.974220,63,-0.6831452252725495,1.2402864273351273,1.1646926098125714,0.4872000130126253,36.23999918997288,0
18:09:17.974220,63,-0.5963381877134454,1.0669284707501203,1.2120357447340848,0.4174800111504737,38.6399991363287,0
18:09:17.974220,63,-0.6222748494792184,1.1133326143120563,1.17776465025544,0.4174800111504737,41.35999907553196,0
18:09:17.974220,63,-0.6482115112449914,1.159736757873992,1.1434935557767951,0.4174800111504737,34.35999923199415,0
18:09:17.974220,63,-0.6689691227828474,1.2468166924525437,1.1629428305479983,0.4872000130126253,29.999999329447743,0
18:09:17.974220,63,-0.6708627875175074,1.2656034174263224,1.0715386992858225,0.4174800111504737,8.51999980956316,0
18:09:17.974220,63,-0.6676344723994974,1.269884956865412,0.962964914872988,0.2783200074336491,4.8799998909235,0
18:09:17.974220,63,-0.9239980685230452,2.866777863575679,-0.2005859752824768,0.1391600037168245,3.519999921321869,-1
18:09:17.974220,63,-0.9056663505331488,2.924299199386328,-0.2402870956683518,0.1391600037168245,6.11999986320734,-1
18:09:17.974220,63,-0.8642794187133647,3.0785264267097983,-0.1564364358685743,0.1391600037168245,4.639999896287918,-1
18:09:17.974220,63,0.1138171393983857,0.1672060672597275,2.151976300557793,-0.4872000130126253,3.879999913275242,-1
18:09:17.974220,63,1.7281645765612728,1.8654114368628183,0.8716329928806239,0.4872000130126253,3.63999991863966,-1
18:09:17.974220,63,1.803346557169533,1.936217185294797,0.9538391435156076,0.4872000130126253,3.1199999302625656,-1
18:09:18.033109,64,-1.2610017507345832,0.8425209099450253,1.9467123869498404,0.5566400148672983,3.999999910593033,0
18:09:18.033109,64,-1.3135608022890888,0.8776375145934752,1.9444913381686724,0.5566400148672983,4.119999907910824,0
18:09:18.033109,64,-1.2441985715182429,0.8667200929618419,1.940228235402992,0.5566400148672983,4.239999905228615,0
18:09:18.033109,64,-1.2960572599192504,0.9028453291264787,1.9377369246216003,0.5566400148672983,4.239999905228615,0
18:09:18.033109,64,-1.3500064516938373,0.9381951342336976,2.0029541887851927,0.5566400148672983,3.1199999302625656,0
18:09:18.033109,64,-1.2268977294846353,0.890589845455875,1.9338323544986848,0.5566400148672983,4.359999902546406,0
18:09:18.033109,64,-1.2780353119491512,0.9277099823422568,1.931074460872353,0.5566400148672983,4.519999898970127,0
18:09:18.033109,64,-1.3291728944136676,0.9648301192286384,1.9283165672460212,0.5566400148672983,3.2399999275803566,0
18:09:18.033109,64,-1.209106144739589,0.9141206198448132,1.9275273025038897,0.5566400148672983,4.639999896287918,0
18:09:18.033109,64,-1.2595021669173676,0.9522215287114916,1.9245066118174785,0.5566400148672983,4.759999893605709,0
18:09:18.033109,64,-1.3098981890951462,0.99032243757817,1.9214859211310675,0.5566400148672983,3.359999924898148,0
18:09:18.033109,64,-0.8439144130089384,1.123012898528941,1.6238434413004057,0.5566400148672983,32.119999282062054,1
18:09:18.033109,64,-0.9551740700601996,1.288104926113307,1.6378336681117176,0.5566400148672983,38.75999913364649,1
18:09:18.033109,64,-0.8201051395293761,1.1390866285766938,1.6195364983147544,0.5566400148672983,40.23999910056591,1
18:09:18.033109,64,-0.8557741442226773,1.1886291620183138,1.6029889195067146,0.5566400148672983,55.75999875366688,1
18:09:18.033109,64,-0.9271121536092792,1.287714228901554,1.5698937618906352,0.5566400148672983,46.51999896019697,1
18:09:18.033109,64,-0.8058134448961274,1.1286672461269067,1.5622578350852456,0.4872000130126253,50.99999886006117,1
18:09:18.033109,64,-0.8432227482905379,1.1968347551012763,1.6007902374667164,0.5566400148672983,69.35999844968319,1
18:09:18.033109,64,-0.8783686058387268,1.24671930090698,1.584151016721919,0.5566400148672983,63.51999858021736,1
18:09:18.033109,64,-0.9135144633869156,1.296603846712684,1.5675117959771216,0.5566400148672983,55.75999875366688,1
18:09:18.033109,64,-0.7552452845335088,1.0109784710382204,1.414843375589956,0.4872000130126253,28.879999354481697,1
18:09:18.033109,64,-0.7937383068991191,1.136392552069613,1.5601878455966145,0.4872000130126253,65.23999854177237,1
18:09:18.033109,64,-0.8305870307900224,1.2049187027564727,1.5986241502208511,0.5566400148672983,87.23999805003405,1
18:09:18.033109,64,-0.8652062266367893,1.2551401906967343,1.5818946461032029,0.5566400148672983,78.23999825119972,1
18:09:18.033109,64,-0.8998254224835563,1.305361678636996,1.5651651419855546,0.5566400148672983,65.75999853014946,1
18:09:18.033109,64,-0.747887469972318,0.9863768078078552,1.36548734521601,0.4872000130126253,32.87999926507473,1
18:09:18.033109,64,-0.7815837957364156,1.1440008368203298,1.5581492118418736,0.4872000130126253,82.99999814480543,1
18:09:18.033109,64,-0.8178682552822942,1.2128801965959104,1.5964908743760284,0.5566400148672983,109.9999975413084,1
18:09:18.033109,64,-0.8519573275370587,1.2634335227472722,1.579672454477698,0.5566400148672983,96.11999785155058,1
18:09:18.033109,64,-0.8860463997918232,1.3139868488986337,1.5628540345793678,0.5566400148672983,75.75999830663204,1
18:09:18.033109,64,-0.7366803544006572,0.993546779409654,1.363566157115554,0.4872000130126253,36.23999918997288,1
18:09:18.033109,64,-0.76935112684895,1.151491339556957,1.5561421376826914,0.5566400148672983,102.63999770581722,1
18:09:18.033109,64,-0.8046245776918204,1.2161141187526932,1.5799378523367271,0.5566400148672983,136.99999693781135,1
18:09:18.033109,64,-0.838623233418345,1.2715984677323369,1.5774846640627056,0.5566400148672983,116.51999739557505,1
18:09:18.033109,64,-0.8721787732024413,1.322478494987798,1.5605787048673654,0.5566400148672983,83.63999813050032,1
18:09:18.033109,64,-0.7140462490714374,1.007560189144974,1.3598112752937686,0.4872000130126253,38.239999145269394,1
18:09:18.033109,64,-0.7537039679930841,1.1386415964680463,1.499731165448522,0.4872000130126253,118.75999734550714,1
18:09:18.033109,64,-0.7899676891189118,1.2092659960803611,1.5347761080654196,0.4872000130126253,163.75999633967876,1
18:09:18.033109,64,-0.8112580330409895,1.2827349374809278,1.5581603414554808,0.5566400148672983,136.1199969574809,1
18:09:18.033109,64,-0.8437186185794002,1.3340605644274206,1.5404811648602312,0.5566400148672983,87.51999804377556,1
18:09:18.033109,64,-0.7026215227054485,1.014402225949263,1.3579779570574753,0.4872000130126253,38.35999914258719,1
18:09:18.033109,64,-0.7413732640015326,1.1458623250328897,1.497796377060808,0.4872000130126253,123.75999723374844,1
18:09:18.033109,64,-0.7640420181573967,1.2242770772231548,1.53075390099569,0.4872000130126253,181.8799959346652,1
18:09:18.033109,64,-0.795887591566593,1.2753054298652402,1.5111955380553126,0.4872000130126253,149.75999665260315,1
18:09:18.033109,64,-0.8277331649757892,1.3263337825073256,1.491637175114935,0.5566400148672983,86.119998075068,1
18:09:18.033109,64,-0.6911265347758458,1.0211335681137232,1.3561742993605306,0.4872000130126253,36.63999918103218,1
18:09:18.033109,64,-0.7289684233047042,1.1529635890976544,1.4958935990894142,0.4872000130126253,114.75999743491413,1
18:09:18.033109,64,-0.7509639272551675,1.2315940548827993,1.5287933227407515,0.4872000130126253,182.3599959239364,1
18:09:18.033109,64,-0.7822644006646498,1.2829273820467777,1.5091532421235212,0.4872000130126253,151.87999660521746,1
18:09:18.033109,64,-0.813564874074132,1.3342607092107557,1.4895131615062909,0.5566400148672983,80.23999820649624,1
18:09:18.033109,64,-0.6795624347717922,1.0277535425097772,1.3544004825671931,0.4872000130126253,33.519999250769615,1
18:09:18.033109,64,-0.702985805611955,1.161425288519903,1.4787078365312918,0.4872000130126253,97.11999782919884,1
18:09:18.033109,64,-0.7378107405893709,1.238784344147239,1.526866690538999,0.4872000130126253,164.9999963119626,1
18:09:18.033109,64,-0.7685629839780217,1.2904173654107076,1.5071463071298337,0.4872000130126253,141.5199968367815,1
18:09:18.033109,64,-0.7993152273666726,1.3420503866741755,1.4874259237206684,0.5566400148672983,71.75999839603901,1
18:09:18.033109,64,-0.6984619050970582,1.1387509994331435,1.4253345392164931,0.4872000130126253,77.99999825656414,1
18:09:18.033109,64,-0.7213893138726372,1.2245847289304126,1.4682141706893133,0.4872000130126253,138.359996907413,1
18:09:18.033109,64,-0.7547847116368986,1.2977746309649687,1.505174933766068,0.4872000130126253,123.11999724805356,1
18:09:18.033109,64,-0.7842380118902248,1.344144344439011,1.4699217239263258,0.5566400148672983,62.23999860882759,1
18:09:18.033109,64,-0.8213061019498832,1.3435229511824045,1.341022274013136,0.5566400148672983,23.87999946624041,1
18:09:18.033109,64,-0.6733502154970168,1.1520021284051736,1.421783909909637,0.4872000130126253,61.519998624920845,1
18:09:18.033109,64,-0.708148521918615,1.2314889238873852,1.4663641972262056,0.4872000130126253,111.23999751359224,1
18:09:18.033109,64,-0.7402252822130255,1.299647693748084,1.488381779469881,0.4872000130126253,102.63999770581722,1
18:09:18.033109,64,-0.7698436589961816,1.3516500449292108,1.467910577541347,0.5566400148672983,53.23999880999327,1
18:09:18.033109,64,-0.6679117454003555,1.1273990548869328,1.369358632188138,0.4872000130126253,48.51999891549349,1
18:09:18.033109,64,-0.6948369157056884,1.2382648795428643,1.4645485853803708,0.4872000130126253,88.3599980250001,1
18:09:18.033109,64,-0.7237979930818892,1.2898762493162328,1.4422307587084158,0.4872000130126253,83.75999812781811,1
18:09:18.033109,64,-0.6427357204386539,1.140059358981036,1.3659663139301903,0.4872000130126253,38.75999913364649,1
18:09:18.033109,64,-0.6805308516952658,1.2392611995280018,1.4487143136356655,0.4872000130126253,70.23999843001366,1
18:09:18.033109,64,-0.7098591746658601,1.296800339284172,1.440375454393186,0.4872000130126253,68.11999847739935,1
18:09:18.033109,64,-0.1093811741402742,0.2259090376537305,1.968221524099019,1.669920044601895,3.63999991863966,-1
18:09:18.033109,64,-0.6628069076937271,1.2218916358630807,1.3913339979297474,0.4872000130126253,56.519998736679554,1
18:09:18.033109,64,-0.695849370927085,1.303589446650529,1.4385563185570427,0.4872000130126253,55.519998759031296,1
18:09:18.033109,64,-0.666716220415231,1.3108466762731106,1.420395589553151,0.4872000130126253,45.759998977184296,1
18:09:18.033109,64,-0.7427882807415976,1.137632844876457,0.8651685409520695,0.4174800111504737,10.239999771118164,-1
18:09:18.033109,64,-0.7257177568780684,1.1999429720560042,0.8188170461305522,0.4174800111504737,4.8799998909235,-1
18:09:18.033109,64,-0.9539222863302168,3.00189883819186,-0.1140669937214822,0.1391600037168245,5.239999882876873,-1
18:09:18.033109,64,-0.8700481484110001,2.9693125605739312,-0.0834983852636557,0.1391600037168245,4.239999905228615,-1
18:09:18.033109,64,-1.4623097967043015,5.4529296527381605,6.378480713633447,-4.313960115221562,3.1199999302625656,-1
18:09:18.033109,64,-1.2535619525912889,6.928018712084634,1.239220025374482,-0.2088800055789761,3.2399999275803566,-1
18:09:18.033109,64,0.0398600255953683,0.0403268515130404,1.7534357497788646,-1.878800050180871,3.999999910593033,-1
18:09:18.033109,64,2.531862265328413,3.821213610376456,7.314493179488801,-4.035640107787913,3.359999924898148,-1
18:09:18.033109,64,1.62517070076869,2.05967317694884,1.0747479625875862,0.6263600167294499,3.359999924898148,-1
18:09:18.033109,64,1.7149376540886816,2.1128356666418355,1.1691193708593066,0.6263600167294499,4.519999898970127,-1
18:09:18.033109,64,1.781021816199252,2.1790038135962297,1.265645368944493,0.7655200204462744,3.2399999275803566,-1
18:09:18.084217,65,-2.3619094629824318,1.5522654384561116,1.6724270634271357,1.2524400334514212,3.2399999275803566,0
18:09:18.084217,65,-2.4144147871309736,1.5867723496176436,1.6651451063976186,1.2524400334514212,3.519999921321869,0
18:09:18.084217,65,-1.3500064516938373,0.9381951342336976,2.0029541887851927,0.5566400148672983,2.999999932944774,1
18:09:18.084217,65,-2.329756101911661,1.5975849574782357,1.6602837349037909,1.2524400334514212,3.359999924898148,0
18:09:18.084217,65,-2.3815466557982834,1.6330993230209816,1.652731831286416,1.2524400334514212,3.519999921321869,0
18:09:18.084217,65,-5.792137778425388,3.596539134640653,0.085922357241956,-3.2006800854869653,3.1199999302625656,-1
18:09:18.084217,65,-1.280396366366625,0.92700660790083,1.9961667541414487,0.6263600167294499,2.999999932944774,1
18:09:18.084217,65,-1.3316284208804248,0.964098600910305,1.9960133758080292,0.5566400148672983,3.2399999275803566,1
18:09:18.084217,65,-2.296670869504783,1.6422742990852837,1.6483092619099036,1.2524400334514212,3.359999924898148,0
18:09:18.084217,65,-2.3477259375993893,1.6787821101448193,1.6404911653685808,-0.6263600167294499,3.519999921321869,0
18:09:18.084217,65,-5.7115968880599945,3.707660380354387,0.056147509191021,-3.2006800854869653,3.2399999275803566,-1
18:09:18.084217,65,-1.262213256418162,0.9515671490501928,1.989585776974806,0.6263600167294499,3.2399999275803566,1
18:09:18.084217,65,-1.312717756477279,0.9896418744510628,1.989169076290736,0.5566400148672983,3.359999924898148,1
18:09:18.084217,65,-2.279782922650041,1.6643770573345078,1.6423868456865236,1.2524400334514212,3.359999924898148,0
18:09:18.084217,65,-2.330462571137033,1.7013762134284915,1.6344370936400154,-0.6263600167294499,3.63999991863966,0
18:09:18.084217,65,-2.2590962739743867,1.7900515035288265,1.610676621269035,-0.6263600167294499,3.63999991863966,0
18:09:18.084217,65,-4.434776266140121,5.132497868930117,-0.0341760269157149,-3.2006800854869653,3.63999991863966,-1
18:09:18.084217,65,-0.9811819295937804,1.208540861454338,1.725260474077163,0.5566400148672983,26.519999407231808,2
18:09:18.084217,65,-0.91832447863814,1.1629078250974525,1.6726897327978207,0.5566400148672983,25.11999943852425,2
18:09:18.084217,65,-0.9562179785306844,1.2272553309269056,1.7202459470952118,0.5566400148672983,32.51999927312136,2
18:09:18.084217,65,-0.994478795954101,1.2763610716709364,1.7090522454686243,0.6263600167294499,30.119999326765537,2
18:09:18.084217,65,-0.90619879607404,1.1717196690911962,1.670328606315868,0.5566400148672983,30.63999931514263,2
18:09:18.084217,65,-0.9439695201937652,1.2205574081818178,1.6565877722792806,0.6263600167294499,40.23999910056591,2
18:09:18.084217,65,-0.9813475613230144,1.285903659513122,1.7064953167626078,0.6263600167294499,36.63999918103218,2
18:09:18.084217,65,-0.893982494389547,1.1804139493516246,1.6679989809413165,0.5566400148672983,37.11999917030335,2
18:09:18.084217,65,-0.931244038224894,1.229614069481107,1.6541610471980135,0.5566400148672983,49.359998896718025,2
18:09:18.084217,65,-0.9685055820602408,1.2788141896105902,1.640323113454711,0.6263600167294499,44.359999008476734,2
18:09:18.084217,65,-0.8816767952045943,1.1889897964579943,1.6657010896347515,0.5566400148672983,44.11999901384115,2
18:09:18.084217,65,-0.918425432632397,1.2385473612856506,1.6517673788732348,0.5566400148672983,59.35999867320061,2
18:09:18.084217,65,-0.9551740700601996,1.288104926113307,1.6378336681117176,0.6263600167294499,52.999998815357685,2
18:09:18.084217,65,-0.8557741442226773,1.1886291620183138,1.6029889195067146,0.5566400148672983,50.23999887704849,2
18:09:18.084217,65,-0.8925139871599064,1.2560402755498934,1.647080166622864,0.5566400148672983,68.23999847471714,2
18:09:18.084217,65,-0.9282258389314476,1.3062977782723548,1.632958908067682,0.6263600167294499,61.35999862849712,2
18:09:18.084217,65,-0.1402837729785904,0.2104319539226386,1.99308177134516,1.8090800483187195,3.999999910593033,-1
18:09:18.084217,65,-0.8432227482905379,1.1968347551012763,1.6007902374667164,0.5566400148672983,53.63999880105257,2
18:09:18.084217,65,-0.8794237384027515,1.2645981487328215,1.6447870914145706,0.5566400148672983,72.75999837368727,2
18:09:18.084217,65,-0.9146118146032728,1.315198074658712,1.63057408083856,0.6263600167294499,67.5199984908104,2
18:09:18.084217,65,-3.9731328582913057,5.787254756001108,0.6711724045546514,-3.2006800854869653,2.999999932944774,-1
18:09:18.084217,65,-0.7960161657108211,1.080977986547838,1.4408147713634236,0.6263600167294499,17.23999961465597,2
18:09:18.084217,65,-0.8305870307900224,1.2049187027564727,1.5986241502208511,0.5566400148672983,52.87999881803989,2
18:09:18.084217,65,-0.8652062266367893,1.2551401906967343,1.5818946461032029,0.5566400148672983,71.11999841034412,2
18:09:18.084217,65,-0.8998254224835563,1.305361678636996,1.5651651419855546,0.6263600167294499,69.35999844968319,2
18:09:18.084217,65,-0.8178682552822942,1.2128801965959104,1.5964908743760284,0.5566400148672983,48.35999891906977,2
18:09:18.084217,65,-0.8519573275370587,1.2634335227472722,1.579672454477698,0.5566400148672983,63.999998569488525,2
18:09:18.084217,65,-0.8860463997918232,1.3139868488986337,1.5628540345793678,0.6263600167294499,66.23999851942062,2
18:09:18.084217,65,-0.8028126766328222,1.2015733936927504,1.5368373346628736,0.6263600167294499,41.75999906659126,2
18:09:18.084217,65,-0.838623233418345,1.2715984677323369,1.5774846640627056,0.5566400148672983,54.35999878495932,2
18:09:18.084217,65,-0.8721787732024413,1.322478494987798,1.5605787048673654,0.6263600167294499,59.239998675882816,2
18:09:18.084217,65,-0.7899676891189118,1.2092659960803611,1.5347761080654196,0.6263600167294499,34.879999220371246,2
18:09:18.084217,65,-0.8117048021030218,1.2875399434756627,1.573213158511121,0.5566400148672983,44.75999899953604,2
18:09:18.084217,65,-0.8558200203700106,1.3100713657700915,1.4959946765466556,0.6263600167294499,50.75999886542559,2
18:09:18.084217,65,-0.7640420181573967,1.2242770772231548,1.53075390099569,0.5566400148672983,28.639999359846115,2
18:09:18.084217,65,-0.795887591566593,1.2753054298652402,1.5111955380553126,0.5566400148672983,36.35999918729067,2
18:09:18.084217,65,-0.8277331649757892,1.3263337825073256,1.491637175114935,0.6263600167294499,42.35999905318022,2
18:09:18.084217,65,-0.7606735997008002,1.2031096760912434,1.4739683937549843,0.6263600167294499,23.639999471604824,2
18:09:18.084217,65,-0.7822644006646498,1.2829273820467777,1.5091532421235212,0.5566400148672983,29.639999337494373,2
18:09:18.084217,65,-0.813564874074132,1.3342607092107557,1.4895131615062909,0.6263600167294499,35.11999921500683,2
18:09:18.084217,65,-0.8252289536475066,1.1321505893909678,1.0247659287102744,0.4872000130126253,35.63999920338392,3
18:09:18.084217,65,-0.7977357614426904,1.1013027654325491,0.9682058584354732,0.4872000130126253,32.51999927312136,3
18:09:18.084217,65,-0.7978826726863031,1.1078653991687069,0.8731447039901985,0.4872000130126253,15.119999662041664,3
18:09:18.084217,65,-0.7704895694844304,1.12301521636682,0.8690853227064848,0.4174800111504737,16.519999630749226,3
18:09:18.084217,65,-0.7527953294741188,1.1194536150658256,0.8537416714232253,0.4174800111504737,16.99999962002039,3
18:09:18.084217,65,-0.7837123778875246,1.1707791330894122,0.8266314732298419,0.4174800111504737,7.639999829232693,3
18:09:18.084217,65,-0.7389780935519269,1.1266583873260168,0.851811158514457,0.4174800111504737,16.639999628067017,3
18:09:18.084217,65,-0.7230022936572049,1.0816450508712832,0.7995429922376669,0.4174800111504737,15.519999653100967,3
18:09:18.084217,65,-0.6957497053956068,1.0953495993561244,0.7958708695385206,0.4174800111504737,14.119999684393406,3
18:09:18.084217,65,-0.9735703843113522,2.9061465617411546,-0.2354231110708329,0.1391600037168245,3.2399999275803566,-1
18:09:18.084217,65,0.0205733956331285,0.2480987049430079,2.045086295903012,2.15712005761452,4.999999888241291,-1
18:09:18.084217,65,1.4803403568915867,6.911649131884432,0.9600077863811574,1.1830000315967482,2.999999932944774,-1
18:09:18.084217,65,1.5948496957933866,2.1734331540317733,0.908205226986088,0.6958000185841229,3.2399999275803566,-1
18:09:18.136838,66,-1.3765587886731894,0.898687275241973,2.013540287696708,0.1391600037168245,4.759999893605709,0
18:09:18.136838,66,-2.338046751589925,1.4141022953634628,1.477145507007034,0.8349600223009475,3.2399999275803566,1
18:09:18.136838,66,-2.391203278203175,1.446252536262722,1.465258178940246,-1.878800050180871,3.999999910593033,1
18:09:18.136838,66,-2.4463171847837493,1.539819720105653,1.677726025557874,-1.878800050180871,3.999999910593033,1
18:09:18.136838,66,-1.2571933762903025,0.8419505527703164,1.8842824557104256,0.6958000185841229,3.2399999275803566,0
18:09:18.136838,66,-1.3135608022890888,0.8776375145934752,1.9444913381686724,0.6958000185841229,4.119999907910824,0
18:09:18.136838,66,-1.3589934239241104,0.9251115607798138,2.006459921726274,0.1391600037168245,4.999999888241291,0
18:09:18.136838,66,-2.307556307560854,1.4589768699247412,1.4651214009926494,0.8349600223009475,3.359999924898148,1
18:09:18.136838,66,-2.360019620448426,1.4921473541169554,1.4529606995594304,-1.878800050180871,4.119999907910824,1
18:09:18.136838,66,-2.4144147871309736,1.5867723496176436,1.6651451063976186,-1.878800050180871,4.119999907910824,1
18:09:18.136838,66,-2.4669201112795154,1.6212792607791755,1.6578631493681013,0.8349600223009475,3.359999924898148,1
18:09:18.136838,66,-1.240078836890219,0.8660731535830218,1.8778188243033231,0.6958000185841229,3.519999921321869,0
18:09:18.136838,66,-1.2960572599192504,0.9028453291264787,1.9377369246216003,0.6958000185841229,4.359999902546406,0
18:09:18.136838,66,-1.3500064516938373,0.9381951342336976,2.0029541887851927,0.1391600037168245,5.359999880194664,0
18:09:18.136838,66,-2.2761428718170262,1.5032534790048684,1.4532575193460409,0.8349600223009475,3.359999924898148,1
18:09:18.136838,66,-2.327891986354204,1.5374306114804466,1.4408270873182325,-1.878800050180871,4.359999902546406,1
18:09:18.136838,66,-2.3815466557982834,1.6330993230209816,1.652731831286416,-1.878800050180871,4.239999905228615,1
18:09:18.136838,66,-2.433337209684906,1.668613688563728,1.6451799276690413,0.8349600223009475,3.359999924898148,1
18:09:18.136838,66,-1.2313351259414578,0.8780092656547458,1.8746205527129371,0.6958000185841229,3.759999915957451,0
18:09:18.136838,66,-1.2780353119491512,0.9277099823422568,1.931074460872353,0.6958000185841229,4.759999893605709,0
18:09:18.136838,66,-1.3291728944136676,0.9648301192286384,1.9283165672460212,0.1391600037168245,5.759999871253967,0
18:09:18.136838,66,-2.243819009313337,1.5469144125513514,1.4415586074614717,0.8349600223009475,3.519999921321869,1
18:09:18.136838,66,-2.2948332265452085,1.5820841956548284,1.4288621954995515,-1.878800050180871,4.519999898970127,1
18:09:18.136838,66,-2.34866537239123,1.6493373383433343,1.5279508855276258,-1.878800050180871,4.359999902546406,1
18:09:18.136838,66,-2.398781005693995,1.7152899212043549,1.6326730688272582,0.8349600223009475,3.519999921321869,1
18:09:18.136838,66,-1.213479193277908,0.9016251452422596,1.8682926968489124,0.6958000185841229,3.999999910593033,0
18:09:18.136838,66,-1.2595021669173676,0.9522215287114916,1.9245066118174785,0.6958000185841229,5.119999885559082,0
18:09:18.136838,66,-1.3098981890951462,0.99032243757817,1.9214859211310675,0.1391600037168245,6.239999860525131,0
18:09:18.136838,66,-2.227319694289972,1.5685085337536466,1.435772480124057,0.8349600223009475,3.519999921321869,1
18:09:18.136838,66,-2.2779587922999798,1.6041692687500224,1.422944517998912,-1.878800050180871,4.639999896287918,1
18:09:18.136838,66,-2.3313950980497133,1.6719404825829274,1.5218943912822227,-1.878800050180871,4.519999898970127,1
18:09:18.136838,66,-2.3811422196240257,1.7383753695224755,1.6264873415935073,0.8349600223009475,3.519999921321869,1
18:09:18.136838,66,-1.1975328710154267,0.9110001164035836,1.80302213447936,0.6958000185841229,4.239999905228615,0
18:09:18.136838,66,-1.250046204162485,0.9643418173628918,1.9212589902613035,0.6958000185841229,5.519999876618385,0
18:09:18.136838,66,-1.3000638681911278,1.0029276911242098,1.9181083536230163,0.1391600037168245,6.7599998489022255,0
18:09:18.136838,66,-2.19365454612361,1.6112132882621375,1.4243297756405375,0.8349600223009475,3.519999921321869,1
18:09:18.136838,66,-2.190204253763264,1.712089602733663,1.3940273516610984,-1.878800050180871,4.759999893605709,1
18:09:18.136838,66,-2.204074954062411,1.8253355886230933,1.4807922964958735,-1.878800050180871,4.759999893605709,1
18:09:18.136838,66,-1.083540656131052,1.2060799297950933,1.7278840206773938,0.6263600167294499,12.879999712109566,0
18:09:18.136838,66,-0.9178732023968128,1.0254332624598668,1.5300652471224867,0.6263600167294499,3.879999913275242,0
18:09:18.136838,66,-0.9939149034322384,1.1831153643503078,1.6666203376869042,0.6958000185841229,24.35999945551157,0
18:09:18.136838,66,-0.9385323355260328,1.1089694446951297,1.561650488012719,0.6958000185841229,16.99999962002039,0
18:09:18.136838,66,-0.9552035727126644,1.1224534843906904,1.019454401748816,1.4613200390303973,17.879999600350857,2
18:09:18.136838,66,-0.9245005922613264,1.1311004452798872,1.000152112674277,1.4613200390303973,21.119999527931213,2
18:09:18.136838,66,-0.910941205066345,1.1399650221267896,0.9977768564669058,1.4613200390303973,24.35999945551157,2
18:09:18.136838,66,-0.8972907245140441,1.148698184311571,0.9954368127121238,1.4613200390303973,26.99999939650297,2
18:09:18.136838,66,-0.8548285265001985,1.1696774840115771,1.0972419756775051,0.7655200204462744,13.879999689757824,2
18:09:18.136838,66,-0.8835505156410429,1.1572990585253278,0.993132215412346,1.4613200390303973,28.359999366104603,2
18:09:18.136838,66,-0.9133305308331576,1.1487147062880323,0.9009074495966654,3.618160096637439,13.23999970406294,2
18:09:18.136838,66,-0.8558064178057988,1.1741005160336035,0.9886302784413376,0.6263600167294499,27.87999937683344,2
18:09:18.136838,66,-0.9303692763661848,1.1973983900771032,0.860565487053317,0.6263600167294499,3.519999921321869,2
18:09:18.136838,66,-0.8418053032300956,1.182299419196447,0.9864333889600324,0.6263600167294499,25.87999942153692,2
18:09:18.136838,66,-0.8277200088293346,1.19036267429293,0.984272846268564,0.6263600167294499,22.879999488592148,2
18:09:18.136838,66,-0.8134520155776098,1.1500339411788991,0.927851170460525,1.4613200390303973,19.63999956101179,2
18:09:18.136838,66,-0.7855243818849683,1.1654793816644613,0.9237125771556758,1.4613200390303973,16.639999628067017,2
18:09:18.136838,66,2.347199647072743,5.688147609575351,5.375124935467871,-4.174800111504737,3.1199999302625656,-1
18:09:18.136838,66,0.2206442707331519,0.1207327291098924,2.027362748305712,4.035640107787913,3.2399999275803566,-1
18:09:18.190693,67,-6.375506804752413,2.777032541755078,1.3374042987666517,2.992080079915468,3.1199999302625656,-1
18:09:18.190693,67,-1.4685188344363562,0.8620018295587717,0.1193924434117361,4.313960115221562,5.119999885559082,0
18:09:18.190693,67,-1.4509862535794715,0.8911978529935954,0.1193924434117361,4.313960115221562,5.639999873936176,0
18:09:18.190693,67,-1.3799904518121997,0.8860817227306304,0.1149860439185085,4.313960115221562,3.519999921321869,0
18:09:18.190693,67,-1.4328732975933238,0.9200374091856364,0.1193924434117361,4.313960115221562,6.11999986320734,0
18:09:18.190693,67,-2.4375130850175206,1.5651092300779963,-0.2614117669315837,0.904680024163099,4.639999896287918,1
18:09:18.190693,67,-2.5005164509614515,1.605563228118429,-0.029717005458087,3.0615200817701407,4.8799998909235,1
18:09:18.190693,67,-2.5537368313848754,1.6397356430855328,-0.0303494949323779,3.0615200817701407,4.119999907910824,1
18:09:18.190693,67,-1.3122180418625704,0.8801172600560587,0.0474153881377064,0.6263600167294499,2.999999932944774,0
18:09:18.190693,67,-1.361994010294074,0.9135024807701324,0.1149860439185085,4.313960115221562,3.759999915957451,0
18:09:18.190693,67,-1.4141872114184817,0.9485089626974552,0.1193924434117361,4.313960115221562,6.6399998515844345,0
18:09:18.190693,67,-1.4665875284203675,0.9836543592356004,0.1238163286172383,0.6263600167294499,3.759999915957451,0
18:09:18.190693,67,-2.360019620448426,1.5828878553440462,-0.1422032349458477,0.904680024163099,3.63999991863966,1
18:09:18.190693,67,-2.405725501540709,1.6135432293383638,-0.2614117669315837,0.904680024163099,4.639999896287918,1
18:09:18.190693,67,-2.467907241226888,1.655249120137151,-0.029717005458087,3.0615200817701407,4.8799998909235,1
18:09:18.190693,67,-2.520433575207741,1.690479037474974,-0.0303494949323779,3.0615200817701407,4.119999907910824,1
18:09:18.190693,67,-1.2943544356723866,0.9061838531409836,0.0474153881377064,0.6263600167294499,3.2399999275803566,0
18:09:18.190693,67,-1.3434527893558614,0.9405578500135308,0.1149860439185085,0.6263600167294499,4.119999907910824,0
18:09:18.190693,67,-1.3949354692399365,0.976601125287772,0.1193924434117361,4.313960115221562,7.239999838173389,0
18:09:18.190693,67,-1.4466224454727576,1.0127874294321488,0.1238163286172383,0.6263600167294499,3.879999913275242,0
18:09:18.190693,67,-2.327891986354204,1.629768533063848,-0.1422032349458477,0.904680024163099,3.63999991863966,1
18:09:18.190693,67,-2.389470053263172,1.6375194063782776,-0.2614117669315837,0.904680024163099,4.759999893605709,1
18:09:18.190693,67,-2.434310901544952,1.7042729346071086,-0.029717005458087,3.0615200817701407,4.8799998909235,1
18:09:18.190693,67,-2.4861221792509225,1.740546262819071,-0.0303494949323779,3.0615200817701407,4.119999907910824,1
18:09:18.190693,67,-1.2759731049889065,0.9318879847831456,0.0474153881377064,0.6263600167294499,3.519999921321869,0
18:09:18.190693,67,-1.3339801957481097,0.95394512620064,0.1149860439185085,0.6263600167294499,4.519999898970127,0
18:09:18.190693,67,-1.3850998747822527,0.9905014175331464,0.1193924434117361,4.313960115221562,7.879999823868275,0
18:09:18.190693,67,-1.4289365105846032,1.0436025336469166,0.0530995355690494,0.6263600167294499,3.999999910593033,0
18:09:18.190693,67,-2.2948332265452085,1.6759973251295224,-0.1422032349458477,0.904680024163099,3.519999921321869,1
18:09:18.190693,67,-2.356243971123327,1.6849781275292404,-0.2614117669315837,0.904680024163099,4.759999893605709,1
18:09:18.190693,67,-2.3997408700029697,1.752615062657032,-0.029717005458087,3.0615200817701407,4.8799998909235,1
18:09:18.190693,67,-2.45081636761471,1.7899172928961362,-0.0303494949323779,3.0615200817701407,3.999999910593033,1
18:09:18.190693,67,-1.2670974045872734,0.9449788878165346,-0.0158072369404798,0.6263600167294499,3.759999915957451,0
18:09:18.190693,67,-1.3146357784177138,0.980432168257535,0.1149860439185085,0.6263600167294499,4.8799998909235,0
18:09:18.190693,67,-1.365014156787736,1.0180034739754331,0.1193924434117361,0.6263600167294499,8.639999806880951,0
18:09:18.190693,67,-1.4184292131873244,1.0578394805889753,0.0530995355690494,0.6263600167294499,4.119999907910824,0
18:09:18.190693,67,-2.3220754228533305,1.7317628799253946,-0.2614117669315837,0.904680024163099,4.759999893605709,1
18:09:18.190693,67,-2.382095025830922,1.7765244408469312,-0.029717005458087,3.0615200817701407,4.8799998909235,1
18:09:18.190693,67,-1.247945676177562,0.9701301564431996,-0.0158072369404798,0.6263600167294499,4.119999907910824,0
18:09:18.190693,67,-1.2973601581214902,1.0085440714187757,0.0493126035732338,0.6263600167294499,5.519999876618385,0
18:09:18.190693,67,-1.3443824513548568,1.0450983426195306,0.1193924434117361,0.6263600167294499,9.519999787211418,0
18:09:18.190693,67,-1.27693115847134,1.0342878421406785,0.0493126035732338,0.6263600167294499,5.999999865889549,0
18:09:18.190693,67,-1.333864423785028,1.058489688290641,0.1193924434117361,0.6263600167294499,10.359999768435957,0
18:09:18.190693,67,-1.1378342827805454,1.2714404209962162,0.051202320133522,0.6263600167294499,19.759999558329586,0
18:09:18.190693,67,-1.0464148348030329,1.2678651291228489,-0.0164397264147708,0.6263600167294499,26.6399994045496,0
18:09:18.190693,67,-0.9899417613077732,1.2241734581512005,-0.1420755202259243,0.6263600167294499,18.999999575316902,0
18:09:18.190693,67,-0.915372943468686,1.1794448871537115,-0.271677384570933,0.6958000185841229,6.239999860525131,0
18:09:18.190693,67,-0.8972907245140441,1.369557327716899,-0.6730285595661019,0.7655200204462744,17.359999611973763,-1
18:09:18.190693,67,-0.965313860204028,1.47338274504633,-0.7035434188144772,0.7655200204462744,6.11999986320734,-1
18:09:18.190693,67,-0.9188350844811858,1.4335104394674234,-0.6800826985086827,0.6958000185841229,13.999999687075617,-1
18:09:18.190693,67,-0.0669781432930862,0.2090927061485612,-0.125710678293497,3.4790000929206144,3.63999991863966,-1
18:09:18.190693,67,0.0908439264733431,0.1744948839742373,0.1590846396427138,3.6878800984995914,5.519999876618385,-1
18:09:18.190693,67,4.134558577429614,5.670655843197181,-0.0701813320623267,-1.7396400464640465,2.999999932944774,-1
18:09:18.247574,68,-1.5047500968945866,0.9242196832231472,0.1238163286172383,-0.2783200074336491,4.8799998909235,0
18:09:18.247574,68,-1.485965995937072,0.954127840428162,0.1238163286172383,-0.2783200074336491,5.119999885559082,0
18:09:18.247574,68,-2.499516277765552,1.604921024263114,0.0891391299688307,0.8349600223009475,3.359999924898148,1
18:09:18.247574,68,-2.547610110249407,1.6358017204911577,0.2122765470150082,1.1132800297345966,3.519999921321869,1
18:09:18.247574,68,-1.3122180418625704,0.8801172600560587,0.0474153881377064,0.6958000185841229,3.519999921321869,0
18:09:18.247574,68,-1.361994010294074,0.9135024807701324,0.1149860439185085,1.4613200390303973,3.759999915957451,0
18:09:18.247574,68,-1.4141872114184817,0.9485089626974552,0.1193924434117361,1.4613200390303973,4.239999905228615,0
18:09:18.247574,68,-1.4665875284203675,0.9836543592356004,0.1238163286172383,-0.2783200074336491,5.519999876618385,0
18:09:18.247574,68,-2.4669201112795154,1.6545870425883866,0.0891391299688307,0.8349600223009475,3.359999924898148,1
18:09:18.247574,68,-2.5143867525806045,1.6864233753876838,0.2122765470150082,1.1132800297345966,3.519999921321869,1
18:09:18.247574,68,-1.2943544356723866,0.9061838531409836,0.0474153881377064,0.6958000185841229,3.759999915957451,0
18:09:18.247574,68,-1.3434527893558614,0.9405578500135308,0.1149860439185085,1.4613200390303973,4.119999907910824,0
18:09:18.247574,68,-1.3949354692399365,0.976601125287772,0.1193924434117361,1.4613200390303973,4.639999896287918,0
18:09:18.247574,68,-1.4466224454727576,1.0127874294321488,0.1238163286172383,0.6958000185841229,5.879999868571758,0
18:09:18.247574,68,-2.434310901544952,1.7042729346071086,-0.029717005458087,0.8349600223009475,3.359999924898148,1
18:09:18.247574,68,-2.480157673780438,1.7363704834495537,0.2122765470150082,1.1132800297345966,3.359999924898148,1
18:09:18.247574,68,-1.2759731049889065,0.9318879847831456,0.0474153881377064,0.6958000185841229,3.999999910593033,0
18:09:18.247574,68,-1.3339801957481097,0.95394512620064,0.1149860439185085,0.6958000185841229,4.519999898970127,0
18:09:18.247574,68,-1.3850998747822527,0.9905014175331464,0.1193924434117361,1.4613200390303973,5.119999885559082,0
18:09:18.247574,68,-1.4364224096855789,1.0272027735137974,0.1238163286172383,0.6958000185841229,6.359999857842922,0
18:09:18.247574,68,-2.3997408700029697,1.752615062657032,-0.029717005458087,0.8349600223009475,3.359999924898148,1
18:09:18.247574,68,-2.462670251882916,1.7610848284786755,0.2122765470150082,1.1132800297345966,3.359999924898148,1
18:09:18.247574,68,-1.2665905825425012,0.9446009088778552,0.0474153881377064,0.6958000185841229,4.359999902546406,0
18:09:18.247574,68,-1.3146357784177138,0.980432168257535,0.1149860439185085,0.6958000185841229,4.999999888241291,0
18:09:18.247574,68,-1.365014156787736,1.0180034739754331,0.1193924434117361,1.4613200390303973,5.639999873936176,0
18:09:18.247574,68,-1.4155924493576386,1.055723872176339,0.1238163286172383,0.6958000185841229,6.8799998462200165,0
18:09:18.247574,68,-2.382095025830922,1.7765244408469312,-0.029717005458087,0.8349600223009475,3.359999924898148,1
18:09:18.247574,68,-1.247945676177562,0.9701301564431996,-0.0158072369404798,0.6958000185841229,4.759999893605709,0
18:09:18.247574,68,-1.2947655243277003,1.0065270505369115,0.1149860439185085,0.6958000185841229,5.639999873936176,0
18:09:18.247574,68,-1.3443824513548568,1.0450983426195306,0.1193924434117361,1.4613200390303973,6.359999857842922,0
18:09:18.247574,68,-1.3941962709495814,1.083822695385017,0.1238163286172383,0.6958000185841229,7.519999831914902,0
18:09:18.247574,68,-1.27693115847134,1.0342878421406785,0.0493126035732338,0.6958000185841229,6.239999860525131,0
18:09:18.247574,68,-1.3258646517704238,1.073922960178916,0.051202320133522,1.4613200390303973,7.1199998408555984,0
18:09:18.247574,68,-1.1882434730402198,1.2254123185182084,-0.0170697159306653,0.6958000185841229,25.63999942690134,0
18:09:18.247574,68,-1.1325302604440983,1.191570896472375,-0.0164397264147708,0.6958000185841229,26.75999940186739,0
18:09:18.247574,68,-1.175930142687394,1.237233284840842,-0.0170697159306653,0.6958000185841229,30.999999307096004,0
18:09:18.247574,68,-1.1205581243012497,1.2028364320239144,-0.0164397264147708,0.6958000185841229,32.239999279379845,0
18:09:18.247574,68,-1.1634992203054948,1.2489305288715464,-0.0170697159306653,0.6958000185841229,37.11999917030335,0
18:09:18.247574,68,-1.0962788958036531,1.225005540704645,-0.0164397264147708,0.6958000185841229,37.99999915063381,0
18:09:18.247574,68,-1.138289583416567,1.2719491836878525,-0.0170697159306653,0.6958000185841229,42.9999990388751,0
18:09:18.247574,68,-1.083974231351414,1.2359068969415403,-0.0164397264147708,0.6958000185841229,43.119999036192894,0
18:09:18.247574,68,-1.1255133898521068,1.2832682926272567,-0.0170697159306653,0.6958000185841229,47.51999893784523,0
18:09:18.247574,68,-1.0702755113374296,1.2451888913177822,-0.0821657563486419,0.6958000185841229,46.11999896913767,0
18:09:18.247574,68,-1.1112897188886817,1.2929059838682813,-0.0853144440919293,0.6958000185841229,49.11999890208244,0
18:09:18.247574,68,-1.0142256159811378,1.2041311167438065,-0.1420755202259243,0.6958000185841229,18.639999583363533,0
18:09:18.247574,68,-1.0451593463286315,1.2663439445947189,-0.0821657563486419,0.6958000185841229,45.99999897181988,0
18:09:18.247574,68,-1.085211073103999,1.3148717234934213,-0.0853144440919293,0.6958000185841229,47.11999894678593,0
18:09:18.247574,68,-1.0324438606924904,1.276732046965294,-0.0821657563486419,0.6958000185841229,42.87999904155731,0
18:09:18.247574,68,-1.0720083152080786,1.325657910078928,-0.0853144440919293,0.6958000185841229,42.35999905318022,0
18:09:18.247574,68,-1.1117297715273,1.3747779234430122,-0.0884756266278488,0.6958000185841229,23.75999946892261,0
18:09:18.247574,68,-0.9387771996447762,1.1609027680622823,-0.271677384570933,0.7655200204462744,3.1199999302625656,0
18:09:18.247574,68,-1.0196251315352622,1.2869924772008203,-0.0821657563486419,0.6958000185841229,37.75999915599823,0
18:09:18.247574,68,-1.0586983573787667,1.3363115319840635,-0.0853144440919293,0.6958000185841229,36.51999918371439,0
18:09:18.247574,68,-0.99368308030233,1.307126229998724,-0.0821657563486419,0.6958000185841229,32.119999282062054,0
18:09:18.247574,68,-1.0317621764453029,1.357216833703055,-0.0853144440919293,0.6958000185841229,30.51999931782484,0
18:09:18.247574,68,-0.9778157699882792,1.313308592465389,-0.1477603386059905,0.6958000185841229,26.87999939918518,0
18:09:18.247574,68,-1.0181386469366764,1.367466423004253,-0.0853144440919293,0.6958000185841229,25.23999943584204,0
18:09:18.247574,68,-0.9630693455325088,1.3208749396998904,-0.830367026509893,0.8349600223009475,16.639999628067017,-1
18:09:18.247574,68,-0.973489270614291,1.4229453623302488,-0.7906997154932552,0.8349600223009475,11.359999746084211,-1
18:09:18.247574,68,-1.0059517439852437,1.4703956294542178,-0.8170667944467012,1.948240052035544,5.999999865889549,-1
18:09:18.247574,68,-1.1081832014550457,3.344051470958825,-1.4070868376289545,0.2783200074336491,4.999999888241291,-1
18:09:18.247574,68,-1.12666022465052,3.3998077001767366,-1.430547557934749,0.2783200074336491,5.999999865889549,-1
18:09:18.247574,68,-1.0869684134120454,3.393303485045889,-1.6341335888934023,0.2783200074336491,3.359999924898148,-1
18:09:18.247574,68,-1.5475257281033048,5.817294923788788,3.6083350221497863,-0.1391600037168245,2.999999932944774,-1
18:09:18.247574,68,-0.0134483266197645,0.095431067858215,-0.2339253297082164,-0.904680024163099,3.359999924898148,-1
18:09:18.307013,69,-2.6557795634315613,1.5324686069470952,1.557303952011797,-0.7655200204462744,4.119999907910824,0
18:09:18.307013,69,-1.4509862535794715,0.8917320607361646,1.884665267245933,0.6958000185841229,4.999999888241291,1
18:09:18.307013,69,-2.5164467905161683,1.5189333876035518,1.5622377175310849,0.4174800111504737,4.359999902546406,0
18:09:18.307013,69,-2.570006228389525,1.551261994238001,1.5529204922038673,-0.8349600223009475,4.639999896287918,0
18:09:18.307013,69,-1.3799904518121997,0.8856497982753301,1.8817331641237585,0.6958000185841229,4.239999905228615,1
18:09:18.307013,69,-1.4328732975933238,0.9195889328807716,1.8772010408511288,0.6958000185841229,5.519999876618385,1
18:09:18.307013,69,-1.4806109791699766,0.96859307696246,1.9416567071949928,0.6958000185841229,4.8799998909235,1
18:09:18.307013,69,-1.5427599605746851,0.9520957590926312,1.7259052373504615,0.6263600167294499,3.879999913275242,1
18:09:18.307013,69,-2.497516331429676,1.5105530180612403,1.4414835228066691,0.6263600167294499,4.239999905228615,0
18:09:18.307013,69,-2.5506728580429265,1.5427032589604994,1.4295961947398808,0.6263600167294499,4.639999896287918,0
18:09:18.307013,69,-2.606746854573425,1.6087224770487984,1.536871789098298,-0.7655200204462744,3.999999910593033,0
18:09:18.307013,69,-1.361994010294074,0.9121362166421088,1.874636149711987,0.6958000185841229,4.639999896287918,1
18:09:18.307013,69,-1.4141872114184817,0.9470903417324088,1.8698320605586145,0.6958000185841229,5.999999865889549,1
18:09:18.307013,69,-1.4665875284203675,0.9821831736683048,1.8650089075593947,0.6958000185841229,5.359999880194664,1
18:09:18.307013,69,-1.5226408435398333,0.9817062434997054,1.7179711319660915,0.6263600167294499,4.119999907910824,1
18:09:18.307013,69,-2.464946246223569,1.5584883225013837,1.4286392966929928,0.6263600167294499,4.239999905228615,0
18:09:18.307013,69,-2.5174095591111403,1.591658806693598,1.4164785952597738,0.6263600167294499,4.519999898970127,0
18:09:18.307013,69,-2.572752295220291,1.6587542636280812,1.523465812288493,-0.7655200204462744,3.999999910593033,0
18:09:18.307013,69,-1.2933187795200445,0.8541581369291681,1.6893374635895952,0.5566400148672983,2.999999932944774,1
18:09:18.307013,69,-1.3461449895590092,0.9230927581387292,1.803710204791084,0.6958000185841229,5.119999885559082,1
18:09:18.307013,69,-1.3949354692399365,0.9742252870947072,1.862561273862124,0.6958000185841229,6.6399998515844345,1
18:09:18.307013,69,-1.4466224454727576,1.0103235585702433,1.8574687141502195,0.6958000185841229,5.879999868571758,1
18:09:18.307013,69,-1.5019126904963975,1.0109221604322418,1.7101427506178837,0.6263600167294499,4.359999902546406,1
18:09:18.307013,69,-2.431390215428558,1.6057848764316025,1.4159662232626156,0.6263600167294499,4.119999907910824,0
18:09:18.307013,69,-2.483139329965735,1.6399620089071802,1.4035357912348072,0.6263600167294499,4.359999902546406,0
18:09:18.307013,69,-2.537728669297976,1.708119363522817,1.5102384736374168,-0.7655200204462744,3.879999913275242,0
18:09:18.307013,69,-1.2749521563522848,0.8789665555861067,1.6826900678449754,0.5566400148672983,3.1199999302625656,1
18:09:18.307013,69,-1.3270281730835125,0.948914488251017,1.796791293060322,0.6958000185841229,5.639999873936176,1
18:09:18.307013,69,-1.3850998747822527,0.98765193836748,1.85896361349653,0.6958000185841229,7.35999983549118,1
18:09:18.307013,69,-1.4364224096855789,1.024247711713551,1.853737748560183,0.6958000185841229,6.6399998515844345,1
18:09:18.307013,69,-1.4805837924288534,1.0397318239135305,1.70242322455386,0.6263600167294499,4.759999893605709,1
18:09:18.307013,69,-2.3968616610089533,1.6524237618617823,1.4034693715757114,0.6263600167294499,3.999999910593033,0
18:09:18.307013,69,-2.4478758782408256,1.6875935449652593,1.3907729596137912,-1.5307600408850703,4.239999905228615,0
18:09:18.307013,69,-2.5016899857892487,1.756798031352123,1.4971950639039315,-0.7655200204462744,3.759999915957451,0
18:09:18.307013,69,-1.2655771411750083,0.8912364718659515,1.6794023536865934,0.6958000185841229,3.2399999275803566,1
18:09:18.307013,69,-1.3172702310294937,0.9616855749961976,1.7933692906804832,0.6958000185841229,6.11999986320734,1
18:09:18.307013,69,-1.365014156787736,1.0142168849611448,1.8518455575097816,0.6958000185841229,8.239999815821648,1
18:09:18.307013,69,-1.4155924493576386,1.0517969775058384,1.846355945039069,0.6958000185841229,7.35999983549118,1
18:09:18.307013,69,-1.4696967207406393,1.0539807030482369,1.6986052488966668,0.6263600167294499,5.119999885559082,1
18:09:18.307013,69,-1.2973601581214902,0.9869418065024655,1.786601903844525,0.6958000185841229,6.8799998462200165,1
18:09:18.307013,69,-1.347076514545854,1.0247625691604068,1.7784242395757934,0.6958000185841229,9.239999793469906,1
18:09:18.307013,69,-1.3941962709495814,1.0789383565314312,1.8390834344476945,0.6958000185841229,8.359999813139439,1
18:09:18.307013,69,-1.4474827754366977,1.082159431868381,1.6910547812655734,0.6263600167294499,5.519999876618385,1
18:09:18.307013,69,-1.27693115847134,1.0118083795088155,1.779938925688944,0.6958000185841229,7.639999829232693,1
18:09:18.307013,69,-1.3258646517704238,1.0505820582856136,1.7715059283157102,0.6958000185841229,10.519999764859676,1
18:09:18.307013,69,-1.3832885156446668,1.0923526894553712,1.8354890747737225,0.6958000185841229,9.63999978452921,1
18:09:18.307013,69,-1.2665246066385312,1.024092429659216,1.776647424371361,0.6958000185841229,8.639999806880951,1
18:09:18.307013,69,-1.3150593087177451,1.0633368475841132,1.7680882928235482,0.6958000185841229,11.9999997317791,1
18:09:18.307013,69,-1.3637866088210826,1.1027369973261725,1.759495196468006,0.6958000185841229,10.99999975413084,1
18:09:18.307013,69,-1.293055201800671,1.0885301384392307,1.761337770884237,0.6958000185841229,13.879999689757824,1
18:09:18.307013,69,-1.3409671769113285,1.1288637829947556,1.752494545347288,0.6958000185841229,12.759999714791777,1
18:09:18.307013,69,-1.2818586383285318,1.1009661206878705,1.758005559483626,0.6958000185841229,16.239999637007713,1
18:09:18.307013,69,-1.3293557437030366,1.1417605595475702,1.7490388644849966,0.6958000185841229,14.999999664723871,1
18:09:18.307013,69,-1.2590820894799204,1.1255105410126394,1.7514289018789142,0.6958000185841229,18.999999575316902,1
18:09:18.307013,69,-1.3057352483314757,1.1672144318849589,1.7422185199479483,0.6958000185841229,17.639999605715275,1
18:09:18.307013,69,-1.2480035665037117,1.1203963321884318,1.6821188372779334,0.6958000185841229,22.51999949663877,1
18:09:18.307013,69,-1.2937285481979546,1.1797689823036244,1.7388545383019312,0.6958000185841229,20.87999953329563,1
18:09:18.307013,69,-1.224465658230186,1.144279346549127,1.6757194028671645,0.6958000185841229,26.519999407231808,1
18:09:18.307013,69,-1.2698361637269988,1.1866786837894503,1.6637037334069114,0.6958000185841229,24.63999944925308,1
18:09:18.307013,69,-1.21251244425001,1.1560491448042975,1.6725656949296142,0.6958000185841229,31.119999304413795,1
18:09:18.307013,69,-1.2574400436049096,1.1988845920268354,1.6604331701518156,0.6958000185841229,28.759999357163903,1
18:09:18.307013,69,-1.1882434730402198,1.1792394387321572,1.6663518743994037,0.6958000185841229,35.879999198019505,1
18:09:18.307013,69,-1.2322718266839188,1.2229341631022854,1.653989107003834,0.6958000185841229,32.87999926507473,1
18:09:18.307013,69,-1.175930142687394,1.1906576153948825,1.6632923831835906,0.6958000185841229,40.11999910324812,1
18:09:18.307013,69,-1.2195022466856231,1.2347754210033923,1.6508162515118636,0.6958000185841229,36.35999918729067,1
18:09:18.307013,69,-1.0714181851742577,1.0156160054937964,1.4348823116082834,0.5566400148672983,4.359999902546406,1
18:09:18.307013,69,-1.1621032539903355,1.1828458423469057,1.5947333999593334,0.6958000185841229,42.87999904155731,1
18:09:18.307013,69,-1.2066107174843597,1.2464927442339429,1.6476766042147832,0.6958000185841229,38.1199991479516,1
18:09:18.307013,69,-1.104042845207721,1.129685577457257,1.5443289028511311,0.6958000185841229,22.63999949395657,1
18:09:18.307013,69,-1.1369238636226775,1.205053478792406,1.5887828817079577,0.6958000185841229,43.119999036192894,1
18:09:18.307013,69,-1.17905065587466,1.2497046987886682,1.5735459263875289,0.6958000185841229,37.75999915599823,1
18:09:18.307013,69,-1.124162998934714,1.2159737805311182,1.5858567956759655,0.6958000185841229,40.8799990862608,1
18:09:18.307013,69,-1.165816958912816,1.2610296338519107,1.5705114191829983,0.6958000185841229,35.35999920964241,1
18:09:18.307013,69,-1.1112897188886817,1.2267702778287248,1.582963882943987,0.6958000185841229,36.87999917566776,1
18:09:18.307013,69,-1.1524666812318034,1.2722261771097247,1.567511314459047,0.6958000185841229,31.63999929279089,1
18:09:18.307013,69,-1.0952289270787932,1.2162862219038209,1.5152622353296843,0.6958000185841229,31.999999284744263,1
18:09:18.307013,69,-1.1254217353030782,1.2942296225803225,1.561615509014498,0.6958000185841229,27.359999388456345,1
18:09:18.307013,69,-1.069005590101135,1.237191818437296,1.509660597621249,0.6958000185841229,27.119999393820763,1
18:09:18.307013,69,-1.1086157855164231,1.2830338702921047,1.4914918997885271,0.6958000185841229,23.23999948054552,1
18:09:18.307013,69,-1.134265565435715,1.2698944049673515,1.3199026564925431,4.313960115221562,20.51999954134226,1
18:09:18.307013,69,-1.0528557800805995,1.2794488345189845,1.0768714659061245,0.6263600167294499,12.23999972641468,1
18:09:18.307013,69,-1.0726711608591195,1.3325491500481643,1.043292255545357,0.6263600167294499,6.7599998489022255,1
18:09:18.307013,69,-0.1136235838257404,0.0053685262406807,1.7740135707500848,-0.3480400092958007,4.119999907910824,-1
18:09:18.307013,69,-0.8977896939125899,1.3320469758241047,0.7698920896654262,0.5566400148672983,3.63999991863966,-1
18:09:18.307013,69,-0.919478285989562,1.4475754202477915,0.4086653858411915,0.6263600167294499,3.359999924898148,-1
18:09:18.307013,69,-0.8476504481383911,1.2022337525181424,0.3466723896027042,0.5566400148672983,8.639999806880951,-1
18:09:18.307013,69,-0.8780579527924955,1.2525996291116273,0.3143775762687237,0.5566400148672983,7.759999826550484,-1
18:09:18.307013,69,-0.8078419527170817,1.0828435275866255,0.3277958331274737,0.5566400148672983,5.639999873936176,-1
18:09:18.307013,69,-0.7232428461879433,1.0180339596871706,3.671529032329458,0.2088800055789761,3.759999915957451,-1
18:09:18.307013,69,-1.228132195876105,2.87958822853898,-0.2525951520448459,0.2088800055789761,6.11999986320734,-1
18:09:18.307013,69,-1.158888020238644,2.9406559243495995,-0.0976570044153195,0.2088800055789761,4.119999907910824,-1
18:09:18.307013,69,-1.214014897757829,2.9387049906843554,-0.2927237656286943,0.2088800055789761,4.359999902546406,-1
18:09:18.307013,69,1.118079125617153,6.674022726134674,0.1390439388716768,-1.1830000315967482,2.999999932944774,-1
18:09:18.307013,69,0.1095101674217625,0.1400605410277492,2.1799988171038924,0.6263600167294499,3.63999991863966,-1
18:09:18.363523,70,-2.63688344004894,1.4777218630091018,-0.2727814036917162,0.6958000185841229,3.759999915957451,0
18:09:18.363523,70,-2.6557795634315613,1.5948291738383966,-0.0309794844482724,0.6958000185841229,3.519999921321869,0
18:09:18.363523,70,-1.4448915618382792,0.907477808953085,0.051202320133522,0.6958000185841229,4.239999905228615,1
18:09:18.363523,70,-1.4984295766515603,0.9411028654359688,0.0530995355690494,0.6958000185841229,5.519999876618385,1
18:09:18.363523,70,-1.551967591464842,0.9747279219188524,0.0549967510045768,0.6958000185841229,7.639999829232693,1
18:09:18.363523,70,-1.3833091765392869,0.888212651476974,-0.0164397264147708,0.6958000185841229,3.63999991863966,1
18:09:18.363523,70,-1.4357446912242942,0.9218811099241644,0.051202320133522,0.6958000185841229,4.759999893605709,1
18:09:18.363523,70,-1.4889437842060966,0.9560398563815184,0.0530995355690494,0.6958000185841229,5.999999865889549,1
18:09:18.363523,70,-1.5421428771878989,0.9901986028388724,0.0549967510045768,0.6958000185841229,8.359999813139439,1
18:09:18.363523,70,-2.5435283524250214,1.6331808538032384,-0.2727814036917162,0.6958000185841229,3.519999921321869,0
18:09:18.363523,70,-2.606746854573425,1.6737729892187745,-0.0309794844482724,0.6958000185841229,3.359999924898148,0
18:09:18.363523,70,-1.365269455565577,0.9156993534131324,-0.0164397264147708,0.6958000185841229,3.999999910593033,1
18:09:18.363523,70,-1.417021159234166,0.950409718751031,0.051202320133522,0.6958000185841229,5.239999882876873,1
18:09:18.363523,70,-1.4695264833827075,0.9856255445922744,0.0530995355690494,0.6958000185841229,6.7599998489022255,1
18:09:18.363523,70,-1.5220318075312498,1.020841370433518,0.0549967510045768,0.6958000185841229,9.119999796152117,1
18:09:18.363523,70,-1.5751671775206864,1.056479774079294,-0.018967184353538,0.6958000185841229,5.759999871253967,1
18:09:18.363523,70,-2.510358224918704,1.6837214031431784,-0.2727814036917162,0.6958000185841229,3.519999921321869,0
18:09:18.363523,70,-2.572752295220291,1.725569706127667,-0.0309794844482724,0.6958000185841229,3.359999924898148,0
18:09:18.363523,70,-1.3466836450374025,0.9428197878334608,-0.0164397264147708,0.6958000185841229,4.239999905228615,1
18:09:18.363523,70,-1.3977308376990445,0.9785581763793512,0.051202320133522,0.6958000185841229,5.879999868571758,1
18:09:18.363523,70,-1.4495213915856666,1.0148169957443152,0.0530995355690494,0.6958000185841229,7.519999831914902,1
18:09:18.363523,70,-1.5013119454722892,1.0510758151092796,0.0549967510045768,0.6958000185841229,10.119999773800371,1
18:09:18.363523,70,-1.553723968202368,1.0877697278425282,-0.018967184353538,0.6958000185841229,6.11999986320734,1
18:09:18.363523,70,-2.493395775022769,1.7087403810754935,-0.2727814036917162,0.6958000185841229,3.359999924898148,0
18:09:18.363523,70,-2.537728669297976,1.776676218192251,-0.0309794844482724,0.6958000185841229,3.2399999275803566,0
18:09:18.363523,70,-1.3275591790308343,0.969563106926276,-0.0164397264147708,0.6958000185841229,4.759999893605709,1
18:09:18.363523,70,-1.3778814424899972,1.0063152238018849,0.051202320133522,0.6958000185841229,6.6399998515844345,1
18:09:18.363523,70,-1.4289365105846032,1.0436025336469166,0.0530995355690494,0.6958000185841229,8.51999980956316,1
18:09:18.363523,70,-1.4799915786792093,1.0808898434919485,0.0549967510045768,0.6958000185841229,11.239999748766422,1
18:09:18.363523,70,-1.5316592900405932,1.118624588237478,-0.018967184353538,0.6958000185841229,6.519999854266644,1
18:09:18.363523,70,-2.458724583929619,1.7582632343308386,-0.2727814036917162,0.6958000185841229,3.2399999275803566,0
18:09:18.363523,70,-2.5016899857892487,1.8270720834900265,-0.0309794844482724,0.6958000185841229,3.2399999275803566,0
18:09:18.363523,70,-1.3162162391850156,0.981610848012316,-0.0821657563486419,0.6958000185841229,5.119999885559082,1
18:09:18.363523,70,-1.367749564700332,1.0200434929334168,0.051202320133522,0.6958000185841229,7.519999831914902,1
18:09:18.363523,70,-1.4184292131873244,1.0578394805889753,0.0530995355690494,0.6958000185841229,9.759999781847,1
18:09:18.363523,70,-1.4696967207406393,1.096073883164078,-0.0183346948792471,0.6958000185841229,12.639999717473984,1
18:09:18.363523,70,-1.5203966485218476,1.1338849947594571,-0.018967184353538,0.6958000185841229,6.999999843537808,1
18:09:18.363523,70,-1.296322096990372,1.0077371016710108,-0.0821657563486419,0.6958000185841229,5.639999873936176,1
18:09:18.363523,70,-1.347076514545854,1.0471926580972324,0.051202320133522,0.6958000185841229,8.51999980956316,1
18:09:18.363523,70,-1.3969901580988855,1.0859946121831434,0.0530995355690494,0.6958000185841229,11.239999748766422,1
18:09:18.363523,70,-1.4474827754366977,1.1252466499058082,-0.0183346948792471,0.6958000185841229,14.119999684393406,1
18:09:18.363523,70,-1.497416391769597,1.1640641304656896,-0.018967184353538,0.6958000185841229,7.639999829232693,1
18:09:18.363523,70,-1.2759094432641749,1.0334602739433716,-0.0821657563486419,0.6958000185841229,6.239999860525131,1
18:09:18.363523,70,-1.3258646517704238,1.073922960178916,0.051202320133522,0.6958000185841229,9.879999779164793,1
18:09:18.363523,70,-1.3749923255984728,1.1137153604315913,0.0530995355690494,0.6958000185841229,13.119999706745148,1
18:09:18.363523,70,-1.4246898563479753,1.1539693330107847,-0.0183346948792471,0.6958000185841229,16.119999639689922,1
18:09:18.363523,70,-1.315585525363461,1.087562700285828,-0.0170697159306653,0.6958000185841229,11.519999742507936,1
18:09:18.363523,70,-1.364332323535247,1.1278604980556453,-0.0177022054049562,0.6958000185841229,15.359999656677246,1
18:09:18.363523,70,-1.413079121707033,1.1681582958254628,-0.0183346948792471,0.6958000185841229,18.35999958962202,1
18:09:18.363523,70,-1.2935726135755663,1.1136551508461372,-0.0170697159306653,0.6958000185841229,13.639999695122242,1
18:09:18.363523,70,-1.3415037605050657,1.154919760272627,-0.0177022054049562,0.6958000185841229,18.35999958962202,1
18:09:18.363523,70,-1.3894349074345642,1.1961843696991168,-0.0183346948792471,0.6958000185841229,21.119999527931213,1
18:09:18.363523,70,-1.2823715698354772,1.1265349788073822,-0.0170697159306653,0.6958000185841229,16.119999639689922,1
18:09:18.363523,70,-1.3298876810200664,1.1682768284907838,-0.0177022054049562,0.6958000185841229,22.239999502897263,1
18:09:18.363523,70,-1.3774037922046558,1.2100186781741855,-0.0183346948792471,0.6958000185841229,24.35999945551157,1
18:09:18.363523,70,-1.2595859070259543,1.1519554003608208,-0.0170697159306653,0.6958000185841229,19.35999956727028,1
18:09:18.363523,70,-1.306257733985176,1.1946391608018412,-0.0177022054049562,0.6958000185841229,26.99999939650297,1
18:09:18.363523,70,-1.352929560944398,1.2373229212428616,-0.0183346948792471,0.6958000185841229,28.359999366104603,1
18:09:18.363523,70,-1.2480035665037117,1.1644934519321568,-0.0170697159306653,0.6958000185841229,23.23999948054552,1
18:09:18.363523,70,-1.2942462294101909,1.2076417886835973,-0.0177022054049562,0.6958000185841229,33.11999925971031,1
18:09:18.363523,70,-1.34048889231667,1.2507901254350378,-0.0183346948792471,0.6958000185841229,32.99999926239252,1
18:09:18.363523,70,-1.224465658230186,1.1892189678161764,-0.0170697159306653,0.6958000185841229,27.759999379515648,1
18:09:18.363523,70,-1.2698361637269988,1.233283466770115,-0.0177022054049562,0.6958000185841229,40.51999909430742,1
18:09:18.363523,70,-1.3150093865881236,1.2771563619409636,-0.0366675563043671,0.6958000185841229,38.35999914258719,1
18:09:18.363523,70,-1.21251244425001,1.2014039595979866,-0.0170697159306653,0.6958000185841229,32.63999927043915,1
18:09:18.363523,70,-1.2574400436049096,1.2459199528285507,-0.0177022054049562,0.6958000185841229,48.51999891549349,1
18:09:18.363523,70,-1.3008050623170406,1.2888876810657817,-0.0916368091637683,0.6958000185841229,44.11999901384115,1
18:09:18.363523,70,-1.1882434730402198,1.2254123185182084,-0.0170697159306653,0.6958000185841229,36.999999172985554,1
18:09:18.363523,70,-1.2322718266839188,1.2708179009120435,-0.0177022054049562,0.6958000185841229,55.87999875098467,1
18:09:18.363523,70,-1.2747688754254096,1.3146442784264514,-0.0916368091637683,0.6958000185841229,49.75999888777733,1
18:09:18.363523,70,-1.1280030079907308,1.1868076310190523,-0.1477603386059905,0.6263600167294499,11.879999734461308,1
18:09:18.363523,70,-1.1745192617520883,1.2357488523981817,-0.0853144440919293,0.6263600167294499,39.87999910861254,1
18:09:18.363523,70,-1.2195022466856231,1.283076873163152,-0.0177022054049562,0.6958000185841229,60.35999865084887,1
18:09:18.363523,70,-1.2615589141314905,1.3273260227721533,-0.0916368091637683,0.6958000185841229,54.35999878495932,1
18:09:18.363523,70,-1.1621032539903355,1.2474320620759942,-0.0853144440919293,0.6263600167294499,40.11999910324812,1
18:09:18.363523,70,-1.2051630259967143,1.2936535488518035,-0.0884756266278488,0.6958000185841229,59.8799986615777,1
18:09:18.363523,70,-1.248222798003093,1.339875035627613,-0.0916368091637683,0.6958000185841229,57.11999872326851,1
18:09:18.363523,70,-1.1369238636226775,1.270423099111228,-0.0853144440919293,0.6263600167294499,37.75999915599823,1
18:09:18.363523,70,-1.17905065587466,1.3174964799072355,-0.0884756266278488,0.6958000185841229,54.87999877333641,1
18:09:18.363523,70,-1.2211774481266426,1.3645698607032437,-0.0916368091637683,0.6958000185841229,57.2399987205863,1
18:09:18.363523,70,-1.124162998934714,1.2817286273842072,-0.0853144440919293,0.6263600167294499,33.519999250769615,1
18:09:18.363523,70,-1.165816958912816,1.329220915422901,-0.0884756266278488,0.6263600167294499,47.23999894410372,1
18:09:18.363523,70,-1.2074709188909185,1.3767132034615956,-0.0916368091637683,0.6958000185841229,54.75999877601862,1
18:09:18.363523,70,-1.1112897188886817,1.2929059838682813,-0.0853144440919293,0.6263600167294499,28.759999357163903,1
18:09:18.363523,70,-1.1524666812318034,1.3408124299606474,-0.0884756266278488,0.6263600167294499,39.23999912291765,1
18:09:18.363523,70,-1.1929866522036052,1.387954513654179,-0.1099440086476312,0.6958000185841229,50.1199988797307,1
18:09:18.363523,70,-1.085211073103999,1.3148717234934213,-0.0853144440919293,0.6263600167294499,24.119999460875988,1
18:09:18.363523,70,-1.1254217353030782,1.3635920729433093,-0.0884756266278488,0.6263600167294499,31.999999284744263,1
18:09:18.363523,70,-1.1763926407726817,1.3966625984815877,-0.1647923241083234,0.6263600167294499,44.519999004900455,1
18:09:18.363523,70,-1.1117297715273,1.3747779234430122,-0.0884756266278488,0.6263600167294499,26.119999416172504,1
18:09:18.363523,70,-1.1878455872566611,1.4392265369103394,-0.3395743520164199,0.6263600167294499,32.87999926507473,1
18:09:18.363523,70,-1.1474574114486522,1.4483450934748463,-0.6536347175994579,0.5566400148672983,12.519999720156193,1
18:09:18.363523,70,-1.169476518351242,1.5068536928663128,-0.6747277767260731,0.5566400148672983,4.239999905228615,1
18:09:18.363523,70,-0.921394205761348,1.4696465662265494,-1.374242028608145,0.6958000185841229,4.999999888241291,-1
18:09:18.363523,70,-0.9524836625821222,1.588983346580719,-1.3225813213189277,0.6958000185841229,5.999999865889549,-1
18:09:18.363523,70,-0.9528007605950938,1.6641011257399254,-1.3402234604170906,0.6958000185841229,3.359999924898148,-1
18:09:18.363523,70,-1.4159130836973794,3.3489494538663567,-1.2861763760723006,0.2088800055789761,3.879999913275242,-1
18:09:18.363523,70,-1.359683008909483,3.307789281908122,-1.2650833169456857,0.2088800055789761,4.519999898970127,-1
18:09:18.363523,70,-1.2361041847240568,3.386322526190064,-0.9589747532949978,0.2088800055789761,3.519999921321869,-1
18:09:18.363523,70,-0.0126898863223294,0.2112442514463935,0.1386500598503588,-2.5048800669028424,3.2399999275803566,-1
18:09:18.363523,70,5.565060177818528,3.118685858018484,-2.9257035867987558,-4.383680117083713,2.999999932944774,-1
18:09:18.416937,71,-2.7046791928217404,1.3218341453354936,-0.3856045009614962,0.6958000185841229,3.2399999275803566,0
18:09:18.416937,71,-1.5897049027214176,0.8950485357029195,-0.1828907060132735,0.6263600167294499,4.999999888241291,1
18:09:18.416937,71,-2.687142881615176,1.4808582199677125,-0.4288670864760194,0.6958000185841229,4.119999907910824,0
18:09:18.416937,71,-2.809394943767293,1.479041087746843,-0.5631507332779141,0.7655200204462744,3.1199999302625656,0
18:09:18.416937,71,-1.5175577056696972,0.8756786802608442,-0.2529640668015223,0.6263600167294499,5.359999880194664,1
18:09:18.416937,71,-1.571779157376297,0.9069661687661392,-0.2620023253668075,0.6263600167294499,5.519999876618385,1
18:09:18.416937,71,-2.6557795634315613,1.5324686069470952,-0.4426960479882028,0.6958000185841229,4.239999905228615,0
18:09:18.416937,71,-1.4527306354724066,0.8397849143313492,-0.3133437014242268,0.6263600167294499,4.759999893605709,1
18:09:18.416937,71,-1.4990291683052903,0.9048176426029064,-0.2607718282293588,0.6263600167294499,5.999999865889549,1
18:09:18.416937,71,-1.5525886061786471,0.9371462492373558,-0.2700890535565763,0.6263600167294499,6.239999860525131,1
18:09:18.416937,71,-1.6061480440520035,0.9694748558718052,-0.279406278883794,0.6263600167294499,5.119999885559082,1
18:09:18.416937,71,-2.58291592188562,1.493114947273371,-0.5571166571895302,0.6958000185841229,3.1199999302625656,0
18:09:18.416937,71,-2.636531639539259,1.5241087666072173,-0.5686811874705651,0.6958000185841229,4.119999907910824,0
18:09:18.416937,71,-2.690360117977238,1.5552255772876262,-0.5802916087447785,0.7655200204462744,3.879999913275242,0
18:09:18.416937,71,-1.4345959040129408,0.867675276127042,-0.3208169013439945,0.6263600167294499,5.119999885559082,1
18:09:18.416937,71,-1.4895395801512608,0.919251441251012,-0.264639352920832,0.6263600167294499,6.7599998489022255,1
18:09:18.416937,71,-1.5427599605746851,0.9520957590926312,-0.2740947626495385,0.6263600167294499,7.1199998408555984,1
18:09:18.416937,71,-1.5959803409981097,0.9849400769342508,-0.283550172378245,0.6263600167294499,5.639999873936176,1
18:09:18.416937,71,-2.5506728580429265,1.5427032589604994,-0.5704038052601191,0.6958000185841229,2.999999932944774,0
18:09:18.416937,71,-2.603619279807903,1.5747264238087737,-0.5822441478404774,0.6958000185841229,4.119999907910824,0
18:09:18.416937,71,-2.656775806421154,1.6068766647080326,-0.5941314759072658,0.7655200204462744,3.879999913275242,0
18:09:18.416937,71,-1.4158873533452114,0.8952097472902707,-0.3281947406561997,0.6263600167294499,5.639999873936176,1
18:09:18.416937,71,-1.4701145095589798,0.9478404568068468,-0.2722997565514187,0.6263600167294499,7.639999829232693,1
18:09:18.416937,71,-1.5226408435398333,0.9817062434997054,-0.2820288680339084,0.6263600167294499,7.999999821186066,1
18:09:18.416937,71,-1.5751671775206864,1.015572030192564,-0.291757979516398,0.6263600167294499,6.11999986320734,1
18:09:18.416937,71,-2.569665507125639,1.6246981822526414,-0.595634040159875,0.6958000185841229,3.999999910593033,0
18:09:18.416937,71,-2.6221288200132102,1.6578686664448556,-0.6077947415930939,0.7655200204462744,3.759999915957451,0
18:09:18.416937,71,-2.6671005259474008,1.6528871624760213,-0.7429266789617357,0.6263600167294499,2.999999932944774,0
18:09:18.416937,71,-1.3966124666397066,0.9223773144001834,-0.3354742683236191,0.6263600167294499,6.11999986320734,1
18:09:18.416937,71,-1.4483615811768835,0.9565544468757612,-0.3479047003514274,0.6263600167294499,8.639999806880951,1
18:09:18.416937,71,-1.5019126904963975,1.0109221604322418,-0.2898572493821162,0.6263600167294499,9.239999793469906,1
18:09:18.416937,71,-1.553723968202368,1.0457958046358629,-0.2998564154707003,0.6263600167294499,6.7599998489022255,1
18:09:18.416937,71,-1.610232526868082,1.0203078307987186,-0.4557669412751127,0.6263600167294499,2.999999932944774,1
18:09:18.416937,71,-2.53468390254822,1.6740040539026178,-0.6088455086505987,0.6958000185841229,3.879999913275242,0
18:09:18.416937,71,-2.586433017085397,1.7081811863781955,-0.6212759406784071,0.7655200204462744,3.759999915957451,0
18:09:18.416937,71,-2.64907897086027,1.678562551229831,-0.7498063786436742,0.7655200204462744,2.999999932944774,0
18:09:18.416937,71,-1.3828806803188995,0.9889144451409364,-0.1534226873481909,0.6263600167294499,6.7599998489022255,1
18:09:18.416937,71,-1.4277931708256413,1.0427675124542788,-0.0884756266278488,0.6263600167294499,9.879999779164793,1
18:09:18.416937,71,-1.4805837924288534,1.0813223579983742,-0.0183346948792471,0.6263600167294499,10.639999762177467,1
18:09:18.416937,71,-1.5316592900405932,1.118624588237478,-0.018967184353538,0.6263600167294499,7.519999831914902,1
18:09:18.416937,71,-1.5808416155613343,1.1304786677242675,-0.2540829259557258,0.6263600167294499,3.2399999275803566,1
18:09:18.416937,71,-2.498688458250437,1.8248799624817715,-0.1548354702968934,0.6958000185841229,3.759999915957451,-1
18:09:18.416937,71,-2.549702675482309,1.862137437506617,-0.1579966528328129,0.7655200204462744,3.63999991863966,-1
18:09:18.416937,71,-1.362827143479675,1.0163724380376995,-0.1534226873481909,0.6263600167294499,7.519999831914902,1
18:09:18.416937,71,-1.4172942806674416,1.056993067940269,-0.0884756266278488,0.6263600167294499,11.359999746084211,1
18:09:18.416937,71,-1.4696967207406393,1.096073883164078,-0.0183346948792471,0.6263600167294499,12.359999723732471,1
18:09:18.416937,71,-1.5203966485218476,1.1338849947594571,-0.018967184353538,0.6263600167294499,8.239999815821648,1
18:09:18.416937,71,-1.5694579761303669,1.146230296594439,-0.2540829259557258,0.6263600167294499,3.519999921321869,1
18:09:18.416937,71,-1.342228493978213,1.043423895528872,-0.1534226873481909,0.6263600167294499,8.239999815821648,1
18:09:18.416937,71,-1.3958723796819987,1.0851256716746391,-0.0884756266278488,0.6263600167294499,13.119999706745148,1
18:09:18.416937,71,-1.4457460856641406,1.1238965790229916,-0.0916368091637683,0.6263600167294499,14.359999679028988,1
18:09:18.416937,71,-1.4956197916462823,1.162667486371344,-0.0947979916996877,0.6263600167294499,9.119999796152117,1
18:09:18.416937,71,-1.5462210178689957,1.1773881244391635,-0.2540829259557258,0.6263600167294499,3.879999913275242,1
18:09:18.416937,71,-1.33172731829681,1.0567937857073415,-0.1534226873481909,0.6263600167294499,9.119999796152117,1
18:09:18.416937,71,-1.3738921483810251,1.1128242396278911,-0.0884756266278488,0.6263600167294499,15.239999659359457,1
18:09:18.416937,71,-1.4229805135187736,1.1525848006539974,-0.0916368091637683,0.6263600167294499,16.8799996227026,1
18:09:18.416937,71,-1.4720688786565226,1.1923453616801034,-0.0947979916996877,0.6263600167294499,10.119999773800371,1
18:09:18.416937,71,-1.3626953976713534,1.1265072910779297,-0.0884756266278488,0.6263600167294499,17.759999603033066,1
18:09:18.416937,71,-1.4113837094367612,1.1667567395516925,-0.0916368091637683,0.6263600167294499,19.759999558329586,1
18:09:18.416937,71,-1.460072021202169,1.2070061880254557,-0.0947979916996877,0.6263600167294499,11.119999751448631,1
18:09:18.416937,71,-1.3398942243501268,1.1535340875932514,-0.0884756266278488,0.6263600167294499,20.63999953866005,1
18:09:18.416937,71,-1.387767863491573,1.194749187743102,-0.0916368091637683,0.6263600167294499,23.11999948322773,1
18:09:18.416937,71,-1.3282920818368011,1.1668751300015263,-0.0884756266278488,0.6263600167294499,23.75999946892261,1
18:09:18.416937,71,-1.3757511831932072,1.2085668978154491,-0.0916368091637683,0.6263600167294499,26.75999940186739,1
18:09:18.416937,71,-1.303972373536028,1.1925490823907678,-0.1061512851423338,0.6263600167294499,26.99999939650297,1
18:09:18.416937,71,-1.3513063161145769,1.2358383812544498,-0.0916368091637683,0.6263600167294499,30.35999932140112,1
18:09:18.416937,71,-1.2890725226916957,1.2028142803674284,-0.1591075057282572,0.6263600167294499,29.879999332129955,1
18:09:18.416937,71,-1.3381436428170352,1.2486018082228338,-0.1099440086476312,0.6263600167294499,33.519999250769615,1
18:09:18.416937,71,-1.276980127538761,1.2156446502517244,-0.1591075057282572,0.6263600167294499,31.999999284744263,1
18:09:18.416937,71,-1.3226058826958438,1.2590789245793177,-0.1647923241083234,0.6263600167294499,35.51999920606613,1
18:09:18.416937,71,-1.2524134684031658,1.2409394288106488,-0.1591075057282572,0.6263600167294499,32.75999926775694,1
18:09:18.416937,71,-1.2971614711578614,1.2852774708229486,-0.1647923241083234,0.6263600167294499,35.999999195337296,1
18:09:18.416937,71,-1.1903680751341537,1.203289597613923,-0.2212854870440939,0.6263600167294499,14.6399996727705,1
18:09:18.416937,71,-1.2399416610658374,1.2534013080286135,-0.1591075057282572,0.6263600167294499,31.999999284744263,1
18:09:18.416937,71,-1.284244053418564,1.298184605716968,-0.1647923241083234,0.6263600167294499,34.759999223053455,1
18:09:18.416937,71,-1.2146273265788268,1.2779478155787578,-0.1591075057282572,0.6263600167294499,29.999999329447743,1
18:09:18.416937,71,-1.2580252525249422,1.3236081456651052,-0.1647923241083234,0.6263600167294499,32.239999279379845,1
18:09:18.416937,71,-1.2017873308413851,1.2900299892807476,-0.1591075057282572,0.6263600167294499,27.119999393820763,1
18:09:18.416937,71,-1.2819887429595698,1.3761202850926426,-0.2458835662278178,0.6263600167294499,20.239999547600743,1
18:09:18.416937,71,-1.2044579226161,1.4013005150674898,-0.6536347175994579,0.5566400148672983,15.999999642372131,-1
18:09:18.416937,71,-1.2433262713944002,1.4465210546481115,-0.6747277767260731,0.6263600167294499,7.35999983549118,-1
18:09:18.416937,71,-1.0341385347753629,1.613399847800851,-1.2283374848580058,0.904680024163099,3.999999910593033,-1
18:09:18.416937,71,-1.0126563371900157,1.689366567445591,-1.2624692128831652,0.8349600223009475,3.759999915957451,-1
18:09:18.416937,71,-1.4783940866013443,3.3105351777166208,-1.490338626464691,0.2088800055789761,3.63999991863966,-1
18:09:18.416937,71,-0.8764367457327004,1.6834777424802512,-1.473013278831612,0.8349600223009475,3.2399999275803566,-1
18:09:18.416937,71,-1.4042565763208956,3.2309153062667173,-1.4070868376289545,0.2088800055789761,7.1199998408555984,-1
18:09:18.416937,71,-1.4218965233238392,3.271501318634104,-1.4662917085759433,0.2088800055789761,7.239999838173389,-1
18:09:18.416937,71,-1.3218285199278192,3.30943027480928,-1.1023642793618584,0.2088800055789761,3.1199999302625656,-1
18:09:18.416937,71,-0.6672869521622827,2.9840295759548296,6.317130151805801,0.2783200074336491,3.1199999302625656,-1
18:09:18.416937,71,0.0246500910538932,0.2044304785569819,-0.1470018997446188,3.33984008920379,3.359999924898148,-1
18:09:18.416937,71,0.1005926825016724,0.1379655100123438,-0.1866966425908094,-0.4174800111504737,2.999999932944774,-1
18:09:18.471407,72,-1.5175577056696972,0.8756786802608442,1.7470359331984775,0.6263600167294499,5.119999885559082,0
18:09:18.471407,72,-1.4486614965572735,0.8197430934425383,1.621515646364996,0.6263600167294499,3.879999913275242,0
18:09:18.471407,72,-1.4990291683052903,0.9048176426029064,1.7392281717706413,0.6263600167294499,5.639999873936176,0
18:09:18.471407,72,-1.5525886061786471,0.9371462492373558,1.7299109464434237,0.6263600167294499,6.519999854266644,0
18:09:18.471407,72,-1.605505606278123,0.9887194259198632,1.7939743965483,-0.5566400148672983,7.759999826550484,0
18:09:18.471407,72,-1.430577560985012,0.8475553335591196,1.6140633790860577,0.6263600167294499,4.239999905228615,0
18:09:18.471407,72,-1.4895395801512608,0.919251441251012,1.735360647079168,0.6263600167294499,6.359999857842922,0
18:09:18.471407,72,-1.5427599605746851,0.9520957590926312,1.7259052373504615,0.6263600167294499,7.239999838173389,0
18:09:18.471407,72,-1.5953419701697011,1.00417846110036,1.7898321605559215,0.6263600167294499,8.51999980956316,0
18:09:18.471407,72,-1.6485410631515036,1.0376643119845557,1.7828237958031403,0.6263600167294499,6.359999857842922,0
18:09:18.471407,72,-1.411921413488049,0.8750126799027967,1.6067062053069676,0.6263600167294499,4.759999893605709,0
18:09:18.471407,72,-1.4701145095589798,0.9478404568068468,1.7277002434485813,0.6263600167294499,7.1199998408555984,0
18:09:18.471407,72,-1.5226408435398333,0.9817062434997054,1.7179711319660915,0.6263600167294499,8.119999818503857,0
18:09:18.471407,72,-1.5745371316797916,1.0347981619863384,1.781627636431041,0.6263600167294499,9.519999787211418,0
18:09:18.471407,72,-1.6276935115015396,1.0494378168854226,1.6985129090011124,0.6263600167294499,6.8799998462200165,0
18:09:18.471407,72,-1.4023810833488854,0.8886048301905168,1.6030641996139705,0.6263600167294499,5.119999885559082,0
18:09:18.471407,72,-1.4501014127904268,0.9760485162286204,1.7201419167064678,0.6263600167294499,7.999999821186066,0
18:09:18.471407,72,-1.5019126904963975,1.0109221604322418,1.7101427506178837,0.6263600167294499,9.119999796152117,0
18:09:18.471407,72,-1.553723968202368,1.0457958046358629,1.7001435845292996,-0.5566400148672983,10.519999764859676,0
18:09:18.471407,72,-1.6055352459083387,1.080669448839484,1.6901444184407155,0.6263600167294499,7.519999831914902,0
18:09:18.471407,72,-1.3828806803188995,0.9155092891154332,1.5958551715722429,0.6263600167294499,5.639999873936176,0
18:09:18.471407,72,-1.4295082948171136,1.003864336669172,1.7126886900826128,0.6263600167294499,8.999999798834324,0
18:09:18.471407,72,-1.4805837924288534,1.0397318239135305,1.70242322455386,0.6263600167294499,10.359999768435957,0
18:09:18.471407,72,-1.5316592900405932,1.0755993111578883,1.6921577590251071,0.6263600167294499,11.759999737143517,0
18:09:18.471407,72,-1.582734787652333,1.1114667984022468,1.6818922934963545,0.6263600167294499,8.119999818503857,0
18:09:18.471407,72,-1.362827143479675,0.9420316735924784,1.5887485200702711,0.6263600167294499,6.239999860525131,0
18:09:18.471407,72,-1.4172942806674416,0.9980777253333548,1.6409691707187677,0.6263600167294499,10.359999768435957,0
18:09:18.471407,72,-1.4696967207406393,1.0539807030482369,1.6986052488966668,0.6263600167294499,11.879999734461308,0
18:09:18.471407,72,-1.5203966485218476,1.0903397319371382,1.6882080751812123,0.6263600167294499,13.23999970406294,0
18:09:18.471407,72,-1.571096576303056,1.12669876082604,1.6778109014657576,0.6263600167294499,8.879999801516533,0
18:09:18.471407,72,-1.620105025615186,1.0750187346490256,1.4404149952906875,0.6263600167294499,2.999999932944774,0
18:09:18.471407,72,-1.342228493978213,0.9681613750219628,1.5817470876737745,0.6263600167294499,6.8799998462200165,0
18:09:18.471407,72,-1.3958723796819987,1.0252517338411389,1.6336879170839906,0.6263600167294499,11.879999734461308,0
18:09:18.471407,72,-1.4474827754366977,1.082159431868381,1.6910547812655734,0.6263600167294499,13.639999695122242,0
18:09:18.471407,72,-1.497416391769597,1.1194905385308709,1.6803971400957058,0.6263600167294499,14.879999667406082,0
18:09:18.471407,72,-1.5473500081024965,1.1568216451933606,1.669739498925838,0.6263600167294499,9.63999978452921,0
18:09:18.471407,72,-1.5961182012262476,1.1060861003195217,1.4320905197483158,0.6263600167294499,3.1199999302625656,0
18:09:18.471407,72,-1.3258561557540445,0.9590111981485092,1.5139421301165092,0.5566400148672983,7.519999831914902,0
18:09:18.471407,72,-1.3738921483810251,1.052006495978408,1.6265190001756225,0.6263600167294499,13.879999689757824,0
18:09:18.471407,72,-1.4229805135187736,1.0895940744959252,1.6131747418850466,0.6263600167294499,15.75999964773655,0
18:09:18.471407,72,-1.4738371884526982,1.1481916002936734,1.6727067137744471,0.6263600167294499,16.8799996227026,0
18:09:18.471407,72,-1.522984520557421,1.186479787307552,1.661792623697333,0.6263600167294499,10.639999762177467,0
18:09:18.471407,72,-1.5714929508666493,1.1366838937633106,1.4238918657048782,0.6263600167294499,3.2399999275803566,0
18:09:18.471407,72,-1.315268691914328,0.9717669576656496,1.5105242346550458,0.5566400148672983,8.239999815821648,0
18:09:18.471407,72,-1.3626953976713534,1.065223308756442,1.622977565865235,0.6263600167294499,16.119999639689922,0
18:09:18.471407,72,-1.4113837094367612,1.1032831162857994,1.609506774192294,0.6263600167294499,18.35999958962202,0
18:09:18.471407,72,-1.461825919878819,1.1623698821974149,1.6689076545882786,0.6263600167294499,19.119999572634697,0
18:09:18.471407,72,-1.5105727180506054,1.2011308654840822,1.6578668791316864,0.6263600167294499,11.639999739825726,0
18:09:18.471407,72,-1.3398942243501268,1.0913291895124508,1.6159825161989592,0.6263600167294499,18.759999580681324,0
18:09:18.471407,72,-1.387767863491573,1.1303217449349408,1.6022617954813114,0.6263600167294499,21.51999951899052,0
18:09:18.471407,72,-1.4373660543640632,1.1903748591097991,1.661403743640553,0.6263600167294499,21.7599995136261,0
18:09:18.471407,72,-1.3282920818368011,1.1042156469242217,1.6125296003421772,0.6263600167294499,21.7599995136261,0
18:09:18.471407,72,-1.3757511831932072,1.1436686279539956,1.598685508954883,0.6263600167294499,24.879999443888664,0
18:09:18.471407,72,-1.423210284549613,1.1831216089837693,1.584841417567589,0.6263600167294499,24.63999944925308,0
18:09:18.471407,72,-1.3046904860113606,1.129649152769434,1.6057147129902605,0.6263600167294499,24.879999443888664,0
18:09:18.471407,72,-1.3513063161145769,1.1700108581289408,1.5916271296526718,0.6263600167294499,28.639999359846115,0
18:09:18.471407,72,-1.397922146217793,1.2103725634884477,1.5775395463150832,0.6263600167294499,27.519999384880062,0
18:09:18.471407,72,-1.2890725226916957,1.120649324934968,1.535002707580267,0.6263600167294499,27.759999379515648,0
18:09:18.471407,72,-1.3388805738005407,1.183003571083883,1.5881457427089054,0.6263600167294499,32.119999282062054,0
18:09:18.471407,72,-1.3850677547620265,1.2238134842941677,1.5739380624396595,0.6263600167294499,30.23999932408333,0
18:09:18.471407,72,-1.276980127538761,1.133042510567051,1.5316819634985013,0.6263600167294499,29.999999329447743,0
18:09:18.471407,72,-1.3136286843178764,1.2086256965565825,1.5812803148801269,0.6263600167294499,34.759999223053455,0
18:09:18.471407,72,-1.212546108924757,1.0758646079162724,1.4651200546240255,0.6263600167294499,11.239999748766422,0
18:09:18.471407,72,-1.2524134684031658,1.157475390447379,1.5251351930658008,0.6263600167294499,30.759999312460423,0
18:09:18.471407,72,-1.3000890884111669,1.2158290532262854,1.5603971737220277,0.6263600167294499,35.759999200701714,0
18:09:18.471407,72,-1.2399416610658374,1.169512641428106,1.5219098213864242,0.6263600167294499,29.999999329447743,0
18:09:18.471407,72,-1.284244053418564,1.211298645986969,1.5048279381511138,0.6263600167294499,34.879999220371246,0
18:09:18.471407,72,-1.3180185559838835,1.2834943854287115,1.538339786298888,0.6263600167294499,34.23999923467636,0
18:09:18.471407,72,-1.2146273265788268,1.1932227470159902,1.5155567177416942,0.6263600167294499,27.759999379515648,0
18:09:18.471407,72,-1.2580252525249422,1.2358558998185667,1.498247841818611,0.6263600167294499,32.35999927669764,0
18:09:18.471407,72,-1.2017873308413851,1.204893230632453,1.5124296210813823,0.6263600167294499,24.759999446570877,0
18:09:18.471407,72,-1.2447264912287417,1.2479433630078247,1.4950090158185083,0.6263600167294499,28.759999357163903,0
18:09:18.471407,72,-1.187694891764265,1.2106802576249485,1.492634729146866,0.6263600167294499,21.51999951899052,0
18:09:18.471407,72,-1.2313032583262509,1.259901767802847,1.4918047709109177,0.6263600167294499,24.879999443888664,0
18:09:18.471407,72,-1.316255460223317,1.3468270874794546,1.4567424875840735,0.6263600167294499,23.87999946624041,0
18:09:18.471407,72,-1.2040887592634029,1.2834266319136536,1.4855013025703752,0.6263600167294499,21.119999527931213,0
18:09:18.471407,72,-1.274514485824803,1.2488879332809717,1.0463581873190448,0.6263600167294499,10.359999768435957,-1
18:09:18.471407,72,-1.267213343992286,1.2731328450206012,0.9384983451278696,0.4174800111504737,3.759999915957451,-1
18:09:18.471407,72,-1.2076117532499178,1.1762202320043496,0.3778284341142797,0.8349600223009475,4.999999888241291,-1
18:09:18.471407,72,-3.63925175816921,6.043394048282447,2.6171564077420904,-3.33984008920379,2.999999932944774,-1
18:09:18.471407,72,-1.191643758118319,1.2431308251291495,0.324703696756137,0.8349600223009475,5.359999880194664,-1
18:09:18.471407,72,-1.1202315616133336,1.343780883266119,0.2623988299395074,1.3221600353135727,4.359999902546406,-1
18:09:18.471407,72,-0.1094626780057738,0.1887984427254375,1.8720075149519209,-2.017960053897696,3.63999991863966,-1
18:09:18.471407,72,-2.5225687077441235,6.481556928876945,1.0609022234130343,0.2088800055789761,3.359999924898148,-1
18:09:18.471407,72,0.0889204248175057,0.2163848451390881,2.096331526121701,4.035640107787913,3.759999915957451,-1
18:09:18.525040,73,-1.5175577056696972,0.8756786802608442,1.7470359331984775,0.5566400148672983,5.879999868571758,0
18:09:18.525040,73,-1.5773458013702748,0.9275242213726302,1.884234672664277,0.5566400148672983,6.6399998515844345,0
18:09:18.525040,73,-1.625350230548056,0.9575107153820966,1.8023367453337111,0.5566400148672983,6.239999860525131,0
18:09:18.525040,73,-1.6802220607894969,0.969541145776729,1.719921157502622,0.5566400148672983,5.999999865889549,0
18:09:18.525040,73,-1.506559113910385,0.870901725011758,1.6750458773015595,0.5566400148672983,6.519999854266644,0
18:09:18.525040,73,-1.5585139402097017,0.9578153095253414,1.8761182000558985,0.5566400148672983,7.35999983549118,0
18:09:18.525040,73,-1.605505606278123,0.9887194259198632,1.7939743965483,0.5566400148672983,6.999999843537808,0
18:09:18.525040,73,-1.6597074819253606,1.0018034625062542,1.7112764957889883,0.5566400148672983,6.6399998515844345,0
18:09:18.525040,73,-1.4310483117479726,0.7699063758636835,1.477320194910369,0.4872000130126253,4.119999907910824,0
18:09:18.525040,73,-1.4877524306261911,0.8998255170263013,1.667295770589217,0.5566400148672983,7.35999983549118,0
18:09:18.525040,73,-1.5421428771878989,0.9706926102161644,1.796840525308703,0.5566400148672983,8.359999813139439,0
18:09:18.525040,73,-1.5953419701697011,1.00417846110036,1.7898321605559215,0.5566400148672983,7.879999823868275,0
18:09:18.525040,73,-1.6492007214215345,1.0177843947758698,1.7069944178930485,0.5566400148672983,7.35999983549118,0
18:09:18.525040,73,-1.700378537079193,1.028426480623338,1.619746458322064,0.5566400148672983,3.999999910593033,0
18:09:18.525040,73,-1.4131842451375565,0.7973804678854213,1.4699585341403658,0.4872000130126253,4.359999902546406,0
18:09:18.525040,73,-1.4642377751770466,0.9074347958980232,1.5921333684502983,0.5566400148672983,8.239999815821648,0
18:09:18.525040,73,-1.5220318075312498,1.0002912508248063,1.7889095934605583,0.5566400148672983,9.519999787211418,0
18:09:18.525040,73,-1.5745371316797916,1.0347981619863384,1.781627636431041,0.5566400148672983,8.879999801516533,0
18:09:18.525040,73,-1.6276935115015396,1.0494378168854226,1.6985129090011124,0.5566400148672983,8.239999815821648,0
18:09:18.525040,73,-1.6782039177830692,1.0610621682513417,1.611001752177706,0.5566400148672983,4.119999907910824,0
18:09:18.525040,73,-1.3947549236965588,0.8245039810205308,1.4626908106999184,0.4872000130126253,4.639999896287918,0
18:09:18.525040,73,-1.4543439442286843,0.9215305803425672,1.5883564143916995,0.5566400148672983,9.239999793469906,0
18:09:18.525040,73,-1.5013119454722892,1.0294954817806323,1.7810843433603727,0.5566400148672983,10.87999975681305,0
18:09:18.525040,73,-1.5531024993589115,1.0650098473233789,1.773532439742998,0.5566400148672983,10.239999771118164,0
18:09:18.525040,73,-1.603608924788415,1.0590858443024955,1.6148040035651472,0.5566400148672983,9.239999793469906,0
18:09:18.525040,73,-1.655358039325593,1.0932629767780733,1.602373571537339,0.5566400148672983,4.359999902546406,0
18:09:18.525040,73,-1.3757677189075057,0.8512660662258844,1.455519931581371,0.4872000130126253,4.8799998909235,0
18:09:18.525040,73,-1.4341209867220457,0.9494319385217312,1.5808802679998613,0.5566400148672983,10.519999764859676,0
18:09:18.525040,73,-1.4799915786792093,1.0582936217811678,1.7733679050037108,0.5566400148672983,12.639999717473984,0
18:09:18.525040,73,-1.5316592900405932,1.0755993111578883,1.6921577590251071,0.5566400148672983,11.759999737143517,0
18:09:18.525040,73,-1.5808358225212578,1.0898462432065594,1.6065617795199445,0.5566400148672983,10.359999768435957,0
18:09:18.525040,73,-1.63185003975313,1.1250160263100366,1.593865367558024,0.5566400148672983,4.639999896287918,0
18:09:18.525040,73,-1.3660672749446607,0.8645082224413072,1.4519717065174016,0.4872000130126253,5.119999885559082,0
18:09:18.525040,73,-1.4175168276759094,0.9405915803842518,1.510389050000415,0.5566400148672983,11.879999734461308,0
18:09:18.525040,73,-1.4696967207406393,1.0539807030482369,1.6986052488966668,0.5566400148672983,14.6399996727705,0
18:09:18.525040,73,-1.5203966485218476,1.0903397319371382,1.6882080751812123,0.5566400148672983,13.639999695122242,0
18:09:18.525040,73,-1.569211574697464,1.1050599303224828,1.6024852843433326,0.5566400148672983,11.759999737143517,0
18:09:18.525040,73,-1.6198506727074713,1.1407206653188589,1.5896573222181878,0.5566400148672983,4.999999888241291,0
18:09:18.525040,73,-1.3965294677972395,0.9677740857979156,1.5031055196265692,0.5566400148672983,13.519999697804453,0
18:09:18.525040,73,-1.4474827754366977,1.082159431868381,1.6910547812655734,0.5566400148672983,16.99999962002039,0
18:09:18.525040,73,-1.497416391769597,1.1194905385308709,1.6803971400957058,0.5566400148672983,15.87999964505434,0
18:09:18.525040,73,-1.545493497628424,1.1351466732544178,1.5944235658718382,0.5566400148672983,13.35999970138073,0
18:09:18.525040,73,-1.59089853570089,1.1475292923334426,1.504258813787911,0.5566400148672983,5.239999882876873,0
18:09:18.525040,73,-1.3749835147765657,0.9945457372714694,1.4959320772341829,0.5566400148672983,15.239999659359457,0
18:09:18.525040,73,-1.4246898563479753,1.1099034132797945,1.6836208038515612,0.5566400148672983,19.879999555647373,0
18:09:18.525040,73,-1.4738371884526982,1.1481916002936734,1.6727067137744471,0.5566400148672983,18.639999583363533,0
18:09:18.525040,73,-1.5211572437942713,1.164769231530959,1.586486225303895,0.5566400148672983,15.119999662041664,0
18:09:18.525040,73,-1.3621523186223534,1.001785579253757,1.4758320171313632,0.5566400148672983,17.23999961465597,0
18:09:18.525040,73,-1.413079121707033,1.1236088989107471,1.679948430044871,0.5566400148672983,23.11999948322773,0
18:09:18.525040,73,-1.460072021202169,1.1413429238151571,1.5960359825193529,0.5566400148672983,21.87999951094389,0
18:09:18.525040,73,-1.5087603329675767,1.1794027313445143,1.5825651908464118,0.5566400148672983,17.11999961733818,0
18:09:18.525040,73,-1.3447323920120298,0.9962638656271134,1.4229917989205538,0.5566400148672983,19.239999569952488,0
18:09:18.525040,73,-1.387767863491573,1.1303217449349408,1.6022617954813114,0.5566400148672983,26.6399994045496,0
18:09:18.525040,73,-1.4356415026330198,1.1693143003574304,1.588541074763664,0.5566400148672983,25.359999433159828,0
18:09:18.525040,73,-1.49202161441189,1.170260178304218,1.5040534483076375,0.5566400148672983,19.35999956727028,0
18:09:18.525040,73,-1.3198960088382667,1.0155714915945082,1.3997713506446616,0.5566400148672983,21.239999525249004,0
18:09:18.525040,73,-1.3757511831932072,1.1436686279539956,1.598685508954883,0.5566400148672983,30.119999326765537,0
18:09:18.525040,73,-1.423210284549613,1.1831216089837693,1.584841417567589,0.5566400148672983,29.11999934911728,0
18:09:18.525040,73,-1.4665500000519869,1.198838737603774,1.4963958464224767,0.5566400148672983,21.639999516308308,0
18:09:18.525040,73,-1.308467030849546,1.0282656157998051,1.396369970315232,0.5566400148672983,22.879999488592148,0
18:09:18.525040,73,-1.3513063161145769,1.1700108581289408,1.5916271296526718,0.5566400148672983,33.11999925971031,0
18:09:18.525040,73,-1.397922146217793,1.2103725634884477,1.5775395463150832,0.5566400148672983,32.51999927312136,0
18:09:18.525040,73,-1.4535935717316812,1.2129420652787537,1.4926168711613743,0.5566400148672983,23.87999946624041,0
18:09:18.525040,73,-1.3351303320746923,1.160689471695107,1.518388625532224,0.5566400148672983,34.879999220371246,0
18:09:18.525040,73,-1.3811881414576888,1.200729618455247,1.501774543484181,0.5566400148672983,34.759999223053455,0
18:09:18.525040,73,-1.4272459508406854,1.2407697652153862,1.485160461436138,0.5566400148672983,25.75999942421913,0
18:09:18.525040,73,-1.2733996601018371,1.0656767965965672,1.3863456746328449,0.5566400148672983,24.51999945193529,0
18:09:18.525040,73,-1.3226058826958438,1.1735254586214874,1.514949233201244,0.5566400148672983,34.99999921768904,0
18:09:18.525040,73,-1.3682316378529271,1.2140084066759238,1.498216502903987,0.5566400148672983,35.35999920964241,0
18:09:18.525040,73,-1.206558858168356,1.0130532899729032,1.3428942016300889,0.4174800111504737,6.519999854266644,0
18:09:18.525040,73,-1.2971614711578614,1.198831311049439,1.5081685504793931,0.5566400148672983,33.519999250769615,0
18:09:18.525040,73,-1.3419094739125572,1.2401872316514992,1.4912019078929857,0.5566400148672983,34.11999923735857,0
18:09:18.525040,73,-1.3853367930264695,1.2752291987048443,1.4557272507371295,0.5566400148672983,27.359999388456345,0
18:09:18.525040,73,-1.2785822295011544,1.186904571360434,1.4359010811621358,0.5566400148672983,30.63999931514263,0
18:09:18.525040,73,-1.3285464457712906,1.2530846505458326,1.487746054915803,0.5566400148672983,31.359999299049377,0
18:09:18.525040,73,-1.3092529240653683,1.2405604673608004,1.4130354253387525,0.5566400148672983,27.759999379515648,0
18:09:18.525040,73,-1.356844085021046,1.3130940434543004,1.2731581235552456,0.5566400148672983,9.359999790787697,0
18:09:18.525040,73,-1.1983929258829076,1.2557835146505991,0.8422673784140722,0.3480400092958007,3.2399999275803566,-1
18:09:18.525040,73,-1.3109929940660032,1.256982038004831,0.4273270130271003,0.7655200204462744,3.1199999302625656,-1
18:09:18.525040,73,-0.1307605233492561,0.1033452810711846,1.8096570345553185,0.8349600223009475,3.519999921321869,-1
18:09:18.525040,73,-3.550297305287548,6.02398228040702,2.60238216355018,0.1391600037168245,2.999999932944774,-1
18:09:18.525040,73,0.1871419806047249,0.1397731618114703,2.097212902503187,-1.7396400464640465,4.999999888241291,-1
18:09:18.577667,74,-1.556016903302731,0.8804914832026328,1.5934674502696076,0.5566400148672983,5.359999880194664,0
18:09:18.577667,74,-1.6142160707863429,0.9331353463725756,1.651825034753133,0.5566400148672983,6.11999986320734,0
18:09:18.577667,74,-1.6597074819253606,1.0018034625062542,1.7112764957889883,0.5566400148672983,5.519999876618385,0
18:09:18.577667,74,-1.4810547479205642,0.7590995510878094,1.3966509589020184,0.4872000130126253,3.879999913275242,0
18:09:18.577667,74,-1.5365928283925132,0.9103647944233426,1.5854629206527748,0.5566400148672983,5.999999865889549,0
18:09:18.577667,74,-1.5940654838526922,0.9641259988248196,1.6435211144556403,0.5566400148672983,6.8799998462200165,0
18:09:18.577667,74,-1.6472220104659427,0.996276239724079,1.631633786388852,0.5566400148672983,5.999999865889549,0
18:09:18.577667,74,-1.700378537079193,1.028426480623338,1.619746458322064,0.6263600167294499,4.759999893605709,0
18:09:18.577667,74,-1.4629718914116792,0.787537612035973,1.3890310034366509,0.4872000130126253,4.119999907910824,0
18:09:18.577667,74,-1.5165541368660442,0.93985691189325,1.5775605315936292,0.5566400148672983,6.6399998515844345,0
18:09:18.577667,74,-1.573277292007926,0.9947211998669132,1.6353231550441436,0.5566400148672983,7.639999829232693,0
18:09:18.577667,74,-1.6257406048954977,1.0278916840591277,1.6231624536109248,0.5566400148672983,6.6399998515844345,0
18:09:18.577667,74,-1.6782039177830692,1.0610621682513417,1.611001752177706,0.5566400148672983,5.119999885559082,0
18:09:18.577667,74,-1.7273631678263104,0.9746539813959764,1.352119789972978,0.6263600167294499,3.1199999302625656,0
18:09:18.577667,74,-1.444303865678419,0.8156206748957571,1.3815061694223791,0.4872000130126253,4.359999902546406,0
18:09:18.577667,74,-1.5063068051084838,0.954456330494618,1.573648629169429,0.5566400148672983,7.35999983549118,0
18:09:18.577667,74,-1.551859810251238,1.0249087118269171,1.6272344355929558,0.5566400148672983,8.51999980956316,0
18:09:18.577667,74,-1.603608924788415,1.0590858443024955,1.6148040035651472,0.5566400148672983,7.35999983549118,0
18:09:18.577667,74,-1.655358039325593,1.0932629767780733,1.602373571537339,0.5566400148672983,5.639999873936176,0
18:09:18.577667,74,-1.7048366422336674,1.007807590157784,1.3432363072790745,0.6263600167294499,3.2399999275803566,0
18:09:18.577667,74,-1.434752738716047,0.8295255661069061,1.3777803650515092,0.4872000130126253,4.759999893605709,0
18:09:18.577667,74,-1.4853612931251916,0.9833545879280297,1.5659053644274796,0.5566400148672983,8.119999818503857,0
18:09:18.577667,74,-1.5366015995283375,1.017277237334328,1.5509304608550978,0.5566400148672983,9.519999787211418,0
18:09:18.577667,74,-1.5808358225212578,1.0898462432065594,1.6065617795199445,0.5566400148672983,8.119999818503857,0
18:09:18.577667,74,-1.63185003975313,1.1250160263100366,1.593865367558024,0.5566400148672983,6.11999986320734,0
18:09:18.577667,74,-1.681628204745466,1.0405194183833084,1.334471199323099,0.6263600167294499,3.519999921321869,0
18:09:18.577667,74,-1.4152210320277805,0.8570551158434065,1.3704038444316216,0.4872000130126253,4.999999888241291,0
18:09:18.577667,74,-1.4681638771607286,0.9741983689504456,1.4928955363229832,0.5566400148672983,9.119999796152117,0
18:09:18.577667,74,-1.5143189129438042,1.0467478482053505,1.5430338344717556,0.5566400148672983,10.759999759495258,0
18:09:18.577667,74,-1.569211574697464,1.1050599303224828,1.6024852843433326,0.5566400148672983,8.999999798834324,0
18:09:18.577667,74,-1.6153134259198902,1.1165586312805986,1.5125573774060783,0.5566400148672983,6.7599998489022255,0
18:09:18.577667,74,-1.6697711594446596,1.0567055689067295,1.33013413336178,0.6263600167294499,3.63999991863966,0
18:09:18.577667,74,-1.3951232558213698,0.8842018614181355,1.3631298958777398,0.4872000130126253,5.359999880194664,0
18:09:18.577667,74,-1.4464266511544914,1.002352089428317,1.4853517696570058,0.5566400148672983,10.239999771118164,0
18:09:18.577667,74,-1.4914305190118191,1.0757821254088504,1.5352541233422563,0.5566400148672983,12.11999972909689,0
18:09:18.577667,74,-1.5411645273563546,1.1116557088711465,1.5197564685650835,0.5566400148672983,10.119999773800371,0
18:09:18.577667,74,-1.59089853570089,1.1475292923334426,1.504258813787911,0.5566400148672983,7.519999831914902,0
18:09:18.577667,74,-1.645557344084049,1.0887302499292892,1.321553145943921,0.6263600167294499,3.879999913275242,0
18:09:18.577667,74,-1.4241108737990866,1.0300802763944297,1.477922024351857,0.5566400148672983,11.359999746084211,0
18:09:18.577667,74,-1.479762033379891,1.0901320027767785,1.5314090852900342,0.5566400148672983,13.639999695122242,0
18:09:18.577667,74,-1.529106938407585,1.1264841046223728,1.5157832118984933,0.5566400148672983,11.359999746084211,0
18:09:18.577667,74,-1.5784518434352788,1.1628362064679674,1.5001573385069524,0.5566400148672983,8.239999815821648,0
18:09:18.577667,74,-1.620012050394669,1.073694388752687,1.2409058163207367,0.6263600167294499,4.119999907910824,0
18:09:18.577667,74,-1.4108212264900917,1.0375787937080996,1.4571038008249424,0.5566400148672983,12.639999717473984,0
18:09:18.577667,74,-1.4559823188614192,1.118490060309913,1.5238105666751156,0.5566400148672983,15.239999659359457,0
18:09:18.577667,74,-1.5045342533113917,1.1557878045116277,1.5079313091779234,0.5566400148672983,12.759999714791777,0
18:09:18.577667,74,-1.5530861877613635,1.193085548713342,1.4920520516807314,0.5566400148672983,9.239999793469906,0
18:09:18.577667,74,-1.3876858752008077,1.0646111970357424,1.4498604901838283,0.5566400148672983,13.879999689757824,0
18:09:18.577667,74,-1.4424982904939536,1.1264877731107563,1.5021196095311509,0.5566400148672983,16.99999962002039,0
18:09:18.577667,74,-1.49202161441189,1.170260178304218,1.5040534483076375,0.5566400148672983,14.359999679028988,0
18:09:18.577667,74,-1.3694743534171094,1.058541998814744,1.395226156795318,0.5566400148672983,14.999999664723871,0
18:09:18.577667,74,-1.4253086722045605,1.1216179078290611,1.4449059881109727,0.5566400148672983,18.639999583363533,0
18:09:18.577667,74,-1.4665500000519869,1.198838737603774,1.4963958464224767,0.5566400148672983,16.119999639689922,0
18:09:18.577667,74,-1.400483884461987,1.148913877192836,1.4375920551633246,0.5566400148672983,19.999999552965164,0
18:09:18.577667,74,-1.3311377726272695,1.0909540131207998,1.3678495899811356,0.5566400148672983,16.239999637007713,0
18:09:18.577667,74,-1.2738996426646692,0.9851675653754126,1.264874208897059,0.4872000130126253,7.1199998408555984,0
18:09:18.577667,74,-1.3603505565774356,1.1823804277265022,1.409166866528139,0.5566400148672983,21.119999527931213,0
18:09:18.577667,74,-1.3423810380643793,1.246380993822465,1.3027569062258475,0.5566400148672983,23.519999474287037,0
18:09:18.577667,74,-1.3458852172396316,1.2812040132296434,1.1995937219976462,0.5566400148672983,21.119999527931213,0
18:09:18.577667,74,-1.3732337630780624,1.2360029432099202,1.03045968630618,0.6263600167294499,9.239999793469906,0
18:09:18.577667,74,-3.86083550253526,5.841232670427045,1.5206380763429197,0.1391600037168245,3.359999924898148,-1
18:09:18.577667,74,-0.0730363113637618,0.0001911577912607,1.757771457582713,-2.4354400650481693,4.239999905228615,-1
18:09:18.577667,74,-0.4396152555292986,4.1686240486130535,-3.628956360639512,-4.383680117083713,2.999999932944774,-1
18:09:18.577667,74,0.0227108553508271,0.2398133063369471,1.9226514303073143,1.3916000371682458,4.119999907910824,-1
18:09:18.577667,74,1.3160625264088257,2.2098817850442325,-4.597882155395217,2.644040070619667,3.1199999302625656,-1
18:09:18.577667,74,1.7058524584504495,0.8505617542619224,-4.885528098199439,-1.600480042747222,2.999999932944774,-1
18:09:18.577667,74,4.912381198037801,4.0501101130298585,-0.9531266107383792,3.2006800854869653,3.2399999275803566,-1
18:09:18.632569,75,-1.5748185922260645,0.850248927156769,1.6015709187391498,0.5566400148672983,4.519999898970127,0
18:09:18.632569,75,-1.6337209928431349,0.901761638357405,1.6602315944793675,0.5566400148672983,5.519999876618385,0
18:09:18.632569,75,-1.6881998924331327,0.9318322452513582,1.6489015026648537,0.5566400148672983,6.11999986320734,0
18:09:18.632569,75,-1.556016903302731,0.8804914832026328,1.5934674502696076,0.5566400148672983,4.999999888241291,0
18:09:18.632569,75,-1.6142160707863429,0.9331353463725756,1.651825034753133,0.5566400148672983,6.239999860525131,0
18:09:18.632569,75,-1.6680445492243214,0.9642521570529844,1.6402146134789195,0.5566400148672983,6.8799998462200165,0
18:09:18.632569,75,-1.7218730276623002,0.9953689677333932,1.628604192204706,0.5566400148672983,5.519999876618385,0
18:09:18.632569,75,-1.5365928283925132,0.9103647944233426,1.5854629206527748,0.5566400148672983,5.519999876618385,0
18:09:18.632569,75,-1.5940654838526922,0.9641259988248196,1.6435211144556403,0.5566400148672983,7.1199998408555984,0
18:09:18.632569,75,-1.6472220104659427,0.996276239724079,1.631633786388852,0.5566400148672983,7.879999823868275,0
18:09:18.632569,75,-1.700378537079193,1.028426480623338,1.619746458322064,0.5566400148672983,6.11999986320734,0
18:09:18.632569,75,-1.7486233632075148,1.0359837161517884,1.5282620037862094,0.5566400148672983,2.999999932944774,0
18:09:18.632569,75,-1.519919300595588,0.9020266663536743,1.5122338857501672,0.5566400148672983,6.11999986320734,0
18:09:18.632569,75,-1.568870498555042,0.972279027888477,1.56298769473696,0.5566400148672983,8.119999818503857,0
18:09:18.632569,75,-1.6211868602440396,1.0047011438837037,1.548414857880291,0.5566400148672983,8.879999801516533,0
18:09:18.632569,75,-1.6782039177830692,1.0610621682513417,1.611001752177706,0.5566400148672983,6.8799998462200165,0
18:09:18.632569,75,-1.725819583622035,1.0695453758741569,1.5192691841669526,0.5566400148672983,3.1199999302625656,0
18:09:18.632569,75,-1.4996659770871916,0.9311945920163298,1.5044183636239676,0.5566400148672983,6.8799998462200165,0
18:09:18.632569,75,-1.5582696659882829,0.9873820806466682,1.5589408439471582,0.5566400148672983,9.359999790787697,0
18:09:18.632569,75,-1.610232526868082,1.0203078307987186,1.5442330587248874,0.5566400148672983,10.239999771118164,0
18:09:18.632569,75,-1.655358039325593,1.0932629767780733,1.602373571537339,0.5566400148672983,7.639999829232693,0
18:09:18.632569,75,-1.71415824862768,1.0861593311028197,1.5148174882803451,0.5566400148672983,3.359999924898148,0
18:09:18.632569,75,-1.434752738716047,0.8295255661069061,1.3777803650515092,0.4872000130126253,2.999999932944774,0
18:09:18.632569,75,-1.478812807210054,0.9599654462161644,1.4967092364755683,0.5566400148672983,7.639999829232693,0
18:09:18.632569,75,-1.5366015995283375,1.017277237334328,1.5509304608550978,0.5566400148672983,10.87999975681305,0
18:09:18.632569,75,-1.587841905931484,1.051199886740626,1.535955557282716,0.5566400148672983,11.759999737143517,0
18:09:18.632569,75,-1.6390822123346298,1.0851225361469243,1.5209806537103343,0.5566400148672983,8.639999806880951,0
18:09:18.632569,75,-1.690322518737776,1.1190451855532226,1.506005750137953,0.5566400148672983,3.63999991863966,0
18:09:18.632569,75,-1.4152210320277805,0.8570551158434065,1.3704038444316216,0.4872000130126253,3.1199999302625656,0
18:09:18.632569,75,-1.4681638771607286,0.9741983689504456,1.4928955363229832,0.5566400148672983,8.51999980956316,0
18:09:18.632569,75,-1.5143189129438042,1.0467478482053505,1.5430338344717556,0.5566400148672983,12.519999720156193,0
18:09:18.632569,75,-1.5648161694318472,1.0816532397429743,1.527795605938917,0.5566400148672983,13.35999970138073,0
18:09:18.632569,75,-1.6153134259198902,1.1165586312805986,1.5125573774060783,0.5566400148672983,9.759999781847,0
18:09:18.632569,75,-1.6707520751000051,1.1086255232152191,1.4229214816132556,0.5566400148672983,3.759999915957451,0
18:09:18.632569,75,-1.4464266511544914,1.002352089428317,1.4853517696570058,0.5566400148672983,9.519999787211418,0
18:09:18.632569,75,-1.4914305190118191,1.0757821254088504,1.5352541233422563,0.5566400148672983,14.51999967545271,0
18:09:18.632569,75,-1.5411645273563546,1.1116557088711465,1.5197564685650835,0.5566400148672983,15.239999659359457,0
18:09:18.632569,75,-1.59089853570089,1.1475292923334426,1.504258813787911,0.5566400148672983,10.87999975681305,0
18:09:18.632569,75,-1.6460153845834995,1.140664103949923,1.4143367697787523,0.5566400148672983,3.999999910593033,0
18:09:18.632569,75,-1.422177855604427,1.023896345097092,1.4607700018807424,0.5566400148672983,10.519999764859676,0
18:09:18.632569,75,-1.479762033379891,1.0901320027767785,1.5314090852900342,0.5566400148672983,16.639999628067017,0
18:09:18.632569,75,-1.529106938407585,1.1264841046223728,1.5157832118984933,0.5566400148672983,17.23999961465597,0
18:09:18.632569,75,-1.5784518434352788,1.1628362064679674,1.5001573385069524,0.5566400148672983,12.23999972641468,0
18:09:18.632569,75,-1.4108212264900917,1.0375787937080996,1.4571038008249424,0.5566400148672983,11.519999742507936,0
18:09:18.632569,75,-1.4559823188614192,1.118490060309913,1.5238105666751156,0.5566400148672983,18.759999580681324,0
18:09:18.632569,75,-1.5045342533113917,1.1557878045116277,1.5079313091779234,0.5566400148672983,19.119999572634697,0
18:09:18.632569,75,-1.5530861877613635,1.193085548713342,1.4920520516807314,0.5566400148672983,13.639999695122242,0
18:09:18.632569,75,-1.3876858752008077,1.0646111970357424,1.4498604901838283,0.5566400148672983,12.359999723732471,0
18:09:18.632569,75,-1.4424982904939536,1.1264877731107563,1.5021196095311509,0.5566400148672983,20.75999953597784,0
18:09:18.632569,75,-1.4906005796062471,1.1640522131525417,1.485517034232796,0.5566400148672983,20.75999953597784,0
18:09:18.632569,75,-1.5387028687185405,1.2016166531943262,1.468914458934441,0.5566400148672983,14.879999667406082,0
18:09:18.632569,75,-1.4178721323904973,1.1541177501407067,1.494716179499085,0.5566400148672983,22.239999502897263,0
18:09:18.632569,75,-1.4651532249824035,1.192603553592084,1.4778667256191942,0.5566400148672983,21.87999951094389,0
18:09:18.632569,75,-1.5124343175743105,1.2310893570434616,1.4610172717393035,0.5566400148672983,15.999999642372131,0
18:09:18.632569,75,-1.400483884461987,1.148913877192836,1.4375920551633246,0.5566400148672983,22.879999488592148,0
18:09:18.632569,75,-1.452209136654644,1.2066934489418826,1.4740913495387766,0.5566400148672983,22.11999950557947,0
18:09:18.632569,75,-1.2852543911503718,0.972807697779042,1.2681860254380624,0.4872000130126253,3.519999921321869,0
18:09:18.632569,75,-1.3311377726272695,1.0909540131207998,1.3678495899811356,0.5566400148672983,13.519999697804453,0
18:09:18.632569,75,-1.4530487507693777,1.268239435205047,1.3886416646157258,0.5566400148672983,17.519999608397484,0
18:09:18.632569,75,-1.4582060430058936,1.2989340553127282,1.2652292060454795,0.5566400148672983,5.639999873936176,0
18:09:18.632569,75,-3.9967165898060446,5.697900376742384,0.6931584597746181,4.244520113366889,3.1199999302625656,-1
18:09:18.632569,75,-3.487054762270837,5.864582654527224,0.3559327523802831,0.2088800055789761,3.63999991863966,-1
18:09:18.632569,75,-0.1023756426871395,0.1766095939122687,2.1494566331852405,-4.383680117083713,2.999999932944774,-1
18:09:18.632569,75,0.0891079708386954,-0.0250839878397248,1.7645439124431148,1.878800050180871,3.519999921321869,-1
18:09:18.685842,76,-1.6314019695639266,0.9358043544574128,-0.2458835662278178,0.4872000130126253,6.519999854266644,0
18:09:18.685842,76,-1.6881998924331327,0.9909518092744284,-0.0979591742356072,0.4872000130126253,7.239999838173389,0
18:09:18.685842,76,-1.5520873483542963,0.8903079229924247,-0.4001240241249313,0.4872000130126253,4.519999898970127,0
18:09:18.685842,76,-1.6123608611037568,0.9682430633365084,-0.2458835662278178,0.4872000130126253,7.239999838173389,0
18:09:18.685842,76,-1.663372310048188,1.0216456756823096,-0.1761619608684559,0.4872000130126253,7.879999823868275,0
18:09:18.685842,76,-1.7170500134209163,1.0546145986348128,-0.1818467792485222,0.4872000130126253,5.519999876618385,0
18:09:18.685842,76,-1.7673219916506615,0.92187660326852,-0.6166029271197688,0.4872000130126253,4.119999907910824,0
18:09:18.685842,76,-1.5339719702371724,0.921169544216071,-0.4001240241249313,0.4872000130126253,4.8799998909235,0
18:09:18.685842,76,-1.5905130111915742,0.9989367372809478,-0.2646784093956834,0.4872000130126253,7.999999821186066,0
18:09:18.685842,76,-1.642608095800014,1.054706581039324,-0.1761619608684559,0.4872000130126253,8.639999806880951,0
18:09:18.685842,76,-1.6956157295037644,1.0887423929019449,-0.1818467792485222,0.4872000130126253,5.999999865889549,0
18:09:18.685842,76,-1.7485322365410003,0.9570363167627928,-0.6166029271197688,0.4872000130126253,4.359999902546406,0
18:09:18.685842,76,-1.5152430238120682,0.9516627099205984,-0.4001240241249313,0.4872000130126253,5.119999885559082,0
18:09:18.685842,76,-1.5730525653701686,1.0100454863572663,-0.320896628731227,0.4872000130126253,8.879999801516533,0
18:09:18.685842,76,-1.6211868602440396,1.0873456178453476,-0.1761619608684559,0.4872000130126253,9.359999790787697,0
18:09:18.685842,76,-1.6735032219330377,1.1224347047477548,-0.1818467792485222,0.4872000130126253,6.359999857842922,0
18:09:18.685842,76,-1.7290430918814392,0.9918132285077864,-0.6166029271197688,0.4872000130126253,4.759999893605709,0
18:09:18.685842,76,-1.5004810949226564,0.9423913408862044,-0.4713572039853571,0.4872000130126253,5.519999876618385,0
18:09:18.685842,76,-1.549795782965113,1.0394629357584635,-0.3395743520164199,0.4872000130126253,9.759999781847,0
18:09:18.685842,76,-1.610232526868082,1.1035028490635803,-0.1761619608684559,0.4872000130126253,10.119999773800371,0
18:09:18.685842,76,-1.662195387747881,1.1391133364121886,-0.1818467792485222,0.4872000130126253,6.8799998462200165,0
18:09:18.685842,76,-1.7088623530696416,1.0261934282031109,-0.6166029271197688,0.6263600167294499,5.239999882876873,0
18:09:18.685842,76,-1.4813344388202911,0.97221048953535,-0.4713572039853571,0.4872000130126253,5.759999871253967,0
18:09:18.685842,76,-1.5286979618264858,1.0702488987238432,-0.3395743520164199,0.4872000130126253,10.759999759495258,0
18:09:18.685842,76,-1.5808416155613343,1.1304786677242675,-0.2540829259557258,0.4872000130126253,10.87999975681305,0
18:09:18.685842,76,-1.6390822123346298,1.1721272121449322,-0.1818467792485222,0.4872000130126253,7.519999831914902,0
18:09:18.685842,76,-1.6863565617239866,1.0126784162222249,-0.6958208358526883,0.5566400148672983,5.759999871253967,0
18:09:18.685842,76,-1.7374766444122407,1.0433766715905712,-0.7169138949793035,0.5566400148672983,3.1199999302625656,0
18:09:18.685842,76,-1.461595268719747,1.0016407669686984,-0.4713572039853571,0.4872000130126253,5.999999865889549,0
18:09:18.685842,76,-1.51791921719466,1.0854821112221065,-0.3395743520164199,0.4872000130126253,11.639999739825726,0
18:09:18.685842,76,-1.5694579761303669,1.146230296594439,-0.2540829259557258,0.4872000130126253,11.639999739825726,0
18:09:18.685842,76,-1.620105025615186,1.1832196161146424,-0.2622822856836338,0.4872000130126253,7.999999821186066,0
18:09:18.685842,76,-1.6657670840079963,1.0462007693494568,-0.6958208358526883,0.5566400148672983,6.239999860525131,0
18:09:18.685842,76,-1.716263018857508,1.077915218743827,-0.7169138949793035,0.5566400148672983,3.2399999275803566,0
18:09:18.685842,76,-1.4412714800255255,1.0306704014682009,-0.4713572039853571,0.4872000130126253,6.239999860525131,0
18:09:18.685842,76,-1.494817136268427,1.0917174690360016,-0.4139270481368768,0.4872000130126253,12.23999972641468,0
18:09:18.685842,76,-1.5462210178689957,1.1773881244391635,-0.2540829259557258,0.4872000130126253,12.23999972641468,0
18:09:18.685842,76,-1.5961182012262476,1.2153829197813968,-0.2622822856836338,0.4872000130126253,8.639999806880951,0
18:09:18.685842,76,-1.6445113216981189,1.0793046561368131,-0.6958208358526883,0.5566400148672983,6.8799998462200165,0
18:09:18.685842,76,-1.694362911009121,1.1120226142008696,-0.7169138949793035,0.5566400148672983,3.519999921321869,0
18:09:18.685842,76,-1.47268528952125,1.1213934818375872,-0.4139270481368768,0.4872000130126253,12.879999712109566,0
18:09:18.685842,76,-1.5202992075182316,1.206435231032019,-0.2735045116201606,0.4872000130126253,12.639999717473984,0
18:09:18.685842,76,-1.5693598834751334,1.2453673883599654,-0.2823306138446377,0.4872000130126253,9.119999796152117,0
18:09:18.685842,76,-1.6225977768154918,1.1119768354715498,-0.6958208358526883,0.5566400148672983,7.639999829232693,0
18:09:18.685842,76,-1.6717850806178305,1.1456852154588852,-0.7169138949793035,0.5566400148672983,3.759999915957451,0
18:09:18.685842,76,-1.4097074829848182,1.073438292597297,-0.4713572039853571,0.4872000130126253,6.359999857842922,0
18:09:18.685842,76,-1.461397908203924,1.1360640197529843,-0.4139270481368768,0.4872000130126253,13.119999706745148,0
18:09:18.685842,76,-1.6000352144854992,1.1442042389181404,-0.6958208358526883,0.5566400148672983,8.359999813139439,0
18:09:18.685842,76,-1.486241753705049,1.2286400722525772,-0.3508979728230832,0.4872000130126253,12.999999709427357,0
18:09:18.685842,76,-1.45596240758158,1.3050557958983684,-0.5201382399582077,0.4872000130126253,11.239999748766422,0
18:09:18.685842,76,-1.4557251096223818,1.2788222182188735,-0.7739255797318607,0.5566400148672983,12.359999723732471,0
18:09:18.685842,76,-1.486603192732454,1.3325207455727537,-0.7973863000376552,0.5566400148672983,6.6399998515844345,0
18:09:18.685842,76,-0.0293255715559986,0.1524833454534748,0.1997444524705482,3.6878800984995914,3.519999921321869,-1
18:09:18.685842,76,3.5142593872867787,6.137781626951549,-0.3539274960966595,0.904680024163099,2.999999932944774,-1
18:09:18.685842,76,0.2281350354240921,0.0860781560634823,0.067483055216016,3.896480104071088,4.639999896287918,-1
18:09:18.744904,77,-2.990453895718564,0.9373132565252764,1.006053096965398,0.5566400148672983,2.999999932944774,-1
18:09:18.744904,77,-3.047984489256454,0.9553453646464,0.9869314661793168,0.5566400148672983,3.519999921321869,-1
18:09:18.744904,77,-1.6251873626062912,0.6926452400011747,1.309587433350214,0.4872000130126253,4.759999893605709,0
18:09:18.744904,77,-1.685401703852647,0.6380871204860135,1.2293727955406135,0.5566400148672983,5.519999876618385,0
18:09:18.744904,77,-1.7397903047550347,0.6586784523078197,1.204504341110993,0.5566400148672983,5.999999865889549,0
18:09:18.744904,77,-1.794606674308756,0.9243392946688948,1.4723008277284206,0.4872000130126253,5.879999868571758,0
18:09:18.744904,77,-1.8450475933529344,0.8991301644505028,1.360633260835699,0.4872000130126253,3.999999910593033,0
18:09:18.744904,77,-1.6079087497134774,0.7238755906593719,1.301219286112009,0.4872000130126253,5.239999882876873,0
18:09:18.744904,77,-1.6601730666835832,0.686564411373366,1.216383344596099,0.5566400148672983,6.239999860525131,0
18:09:18.744904,77,-1.716877190943571,0.6280839794326039,1.1331758094265516,0.5566400148672983,6.8799998462200165,0
18:09:18.744904,77,-1.7736607020919934,0.9588072589779556,1.463065164527063,0.4872000130126253,6.6399998515844345,0
18:09:18.744904,77,-1.824000508497802,0.9345716282430452,1.3511367492339104,0.4872000130126253,4.359999902546406,0
18:09:18.744904,77,-1.5339719702371724,0.7862217353026402,1.3750936495674908,0.4872000130126253,3.359999924898148,0
18:09:18.744904,77,-1.5899869947880256,0.7547659205473627,1.292942247164591,0.4872000130126253,5.999999865889549,0
18:09:18.744904,77,-1.6425224939469736,0.7184670634729216,1.207835054729612,0.5566400148672983,7.1199998408555984,0
18:09:18.744904,77,-1.6999142724381202,0.6610887500364637,1.124332207796873,0.5566400148672983,7.879999823868275,0
18:09:18.744904,77,-1.7520052892746014,0.9928637117986718,1.4539397654966837,0.4872000130126253,7.519999831914902,0
18:09:18.744904,77,-1.8022238477915664,0.969599432637934,1.3417510773336647,0.4872000130126253,4.759999893605709,0
18:09:18.744904,77,-1.5190275786200291,0.7591167274966528,1.3086104001555785,0.4872000130126253,3.519999921321869,0
18:09:18.744904,77,-1.5714292662926317,0.78530387394561,1.2847596272130315,0.4872000130126253,6.7599998489022255,0
18:09:18.744904,77,-1.629680941753045,0.6720712304181207,1.1432266027334834,0.4872000130126253,8.239999815821648,0
18:09:18.744904,77,-1.6822714109193104,0.6937592433385014,1.1155781755002656,0.5566400148672983,8.999999798834324,0
18:09:18.744904,77,-1.7273013569507356,1.0196555925539896,1.4253564945045043,0.4872000130126253,8.51999980956316,0
18:09:18.744904,77,-1.7797263216077692,1.0041995669810688,1.332479999278413,0.4872000130126253,5.239999882876873,0
18:09:18.744904,77,-1.5004810949226564,0.7882839131954859,1.3007950763020877,0.4872000130126253,3.759999915957451,0
18:09:18.744904,77,-1.552242987070929,0.8154772360804678,1.2766746991960645,0.4872000130126253,7.759999826550484,0
18:09:18.744904,77,-1.602823952977039,0.7189101417635408,1.1306761542641253,0.4872000130126253,9.63999978452921,0
18:09:18.744904,77,-1.6545477361534664,0.7421096654709612,1.102622718936169,0.5566400148672983,10.519999764859676,0
18:09:18.744904,77,-1.7048366422336674,1.007807590157784,1.3432363072790745,0.3480400092958007,9.63999978452921,0
18:09:18.744904,77,-1.75392867405292,0.9904705809106926,1.2489156264458463,0.4872000130126253,5.759999871253967,0
18:09:18.744904,77,-1.4813344388202911,0.8170869989936485,1.2930773127229456,0.4872000130126253,3.879999913275242,0
18:09:18.744904,77,-1.534488560388593,0.7858357514727801,1.2091346928817917,0.4872000130126253,8.879999801516533,0
18:09:18.744904,77,-1.5841163963474785,0.7496946471350032,1.1224274709104505,0.4872000130126253,11.239999748766422,0
18:09:18.744904,77,-1.6352364790357323,0.773887599395865,1.0941078472038614,0.5566400148672983,12.23999972641468,0
18:09:18.744904,77,-1.681628204745466,1.0405194183833084,1.334471199323099,0.3480400092958007,10.99999975413084,0
18:09:18.744904,77,-1.7423300099165782,1.0073563540394417,1.2443910971724232,0.4872000130126253,6.359999857842922,0
18:09:18.744904,77,-1.461595268719747,0.845514464041372,1.285460196420544,0.4872000130126253,3.999999910593033,0
18:09:18.744904,77,-1.514907957301895,0.8152916411942361,1.2012420110185875,0.4872000130126253,10.119999773800371,0
18:09:18.744904,77,-1.5647752143089737,0.780111617670066,1.1142772682193791,0.4872000130126253,13.119999706745148,0
18:09:18.744904,77,-1.615271149158485,0.8052861379851843,1.085694634145336,0.5566400148672983,14.239999681711195,0
18:09:18.744904,77,-1.6697711594446596,1.0567055689067295,1.33013413336178,0.3480400092958007,12.639999717473984,0
18:09:18.744904,77,-1.7186111642998003,1.0407875923086365,1.2354332238762198,0.4872000130126253,6.999999843537808,0
18:09:18.744904,77,-1.4947214112578675,0.8443633969558955,1.193452257539696,0.4872000130126253,11.359999746084211,0
18:09:18.744904,77,-1.5448081430761145,0.8101488869866134,1.106228806163174,0.4872000130126253,15.519999653100967,0
18:09:18.744904,77,-1.6010434805253126,0.755621331121757,1.0205934813435875,0.4174800111504737,16.639999628067017,0
18:09:18.744904,77,-1.645557344084049,1.0887302499292892,1.321553145943921,0.3480400092958007,14.359999679028988,0
18:09:18.744904,77,-1.6942048971625416,1.0737539621994845,1.2265999116865816,0.4872000130126253,7.759999826550484,0
18:09:18.744904,77,-1.739587556747471,1.0543643726213798,1.128495342880378,0.6263600167294499,2.999999932944774,0
18:09:18.744904,77,-1.4739369966054154,0.8730393904435909,1.1857685482425078,0.4872000130126253,12.759999714791777,0
18:09:18.744904,77,-1.5242231692108144,0.8397944405779469,1.0982853040192029,0.4872000130126253,17.999999597668648,0
18:09:18.744904,77,-1.5746634389431056,0.777540296717576,0.9953074637473848,0.4174800111504737,19.239999569952488,0
18:09:18.744904,77,-1.620012050394669,1.073694388752687,1.2409058163207367,0.3480400092958007,16.239999637007713,0
18:09:18.744904,77,-1.669120970685808,1.1062422776041645,1.2178946938104498,0.4872000130126253,8.51999980956316,0
18:09:18.744904,77,-1.463323177265038,0.8872253856456891,1.1819674222842738,0.4872000130126253,13.999999687075617,0
18:09:18.744904,77,-1.5030285264277876,0.8690364206184291,1.0904499390822684,0.4872000130126253,20.75999953597784,0
18:09:18.744904,77,-1.5541282689696785,0.8077631106333878,0.9872092851656468,0.4174800111504737,21.87999951094389,0
18:09:18.744904,77,-1.607595484627646,1.0892826656827996,1.2367289501059204,0.3480400092958007,18.23999959230423,0
18:09:18.744904,77,-1.6528599190327855,1.07266550994205,1.1404255161142065,0.4872000130126253,9.239999793469906,0
18:09:18.744904,77,-1.3935833655891112,0.8847646736216268,1.201977791780813,0.4872000130126253,4.359999902546406,0
18:09:18.744904,77,-1.4416576213150514,0.9152862801700684,1.1744485282575714,0.4872000130126253,14.999999664723871,0
18:09:18.744904,77,-1.492205219000347,0.8835024089975982,1.086573789178352,0.4872000130126253,23.23999948054552,0
18:09:18.744904,77,-1.5329714684378857,0.8375831976232826,0.9792190169384788,0.4174800111504737,24.35999945551157,0
18:09:18.744904,77,-1.582281336210606,1.1200955361358698,1.2284726663515353,0.3480400092958007,19.999999552965164,0
18:09:18.744904,77,-1.627359245408328,1.1043510494937128,1.131935401379594,0.4872000130126253,9.879999779164793,0
18:09:18.744904,77,-1.4226709278818983,0.8826827569718143,1.1086305559625014,0.4872000130126253,15.639999650418758,0
18:09:18.744904,77,-1.4699033243262556,0.8487801434860629,1.0199199777105814,0.4872000130126253,25.11999943852425,0
18:09:18.744904,77,-1.5112014997854744,0.8669886300505936,0.9713398550664928,0.4174800111504737,26.359999410808086,0
18:09:18.744904,77,-1.5563342963841769,1.1504132450384068,1.2203490607347387,0.3480400092958007,21.51999951899052,0
18:09:18.744904,77,-1.400721658866923,0.9099555436340868,1.1013228348009994,0.4872000130126253,15.639999650418758,0
18:09:18.744904,77,-1.4481403445491003,0.8769672198515479,1.0123672733614553,0.4872000130126253,25.999999418854717,0
18:09:18.744904,77,-1.4888270707092544,0.8959676461349426,0.9635749511092432,0.4174800111504737,27.239999391138557,0
18:09:18.744904,77,-1.5431266756883908,1.1653826164512815,1.2163380297534574,0.3480400092958007,22.239999502897263,0
18:09:18.744904,77,-1.4257981279682987,0.9047282585428484,1.0049287254630723,0.4872000130126253,25.63999942690134,0
18:09:18.744904,77,-1.4742311925951044,0.8436958210270191,0.9007453872161116,0.4174800111504737,26.87999939918518,0
18:09:18.744904,77,-1.5148613400001418,1.1465969560321827,1.1374495930385633,0.3480400092958007,22.359999500215054,0
18:09:18.744904,77,-1.5607827297700958,1.1813548076828109,1.1113023065586638,0.4872000130126253,11.239999748766422,0
18:09:18.744904,77,-1.5883267709366526,1.1785017139445682,1.0071650468578557,0.6263600167294499,3.1199999302625656,0
18:09:18.744904,77,-1.7216914363838454,6.277463806943598,-0.6239406418493734,2.4354400650481693,3.1199999302625656,-1
18:09:18.744904,77,0.0039658733722596,0.1508485208301478,1.796928579824042,-0.4174800111504737,4.119999907910824,-1
18:09:18.795821,78,-1.721064900961744,0.633610954704429,1.3085716742217524,0.5566400148672983,8.239999815821648,0
18:09:18.795821,78,-1.777234449277407,0.7166589042993441,1.35086312802646,0.4174800111504737,8.119999818503857,0
18:09:18.795821,78,-1.7013795032152692,0.605372236354891,1.2381387223240257,0.5566400148672983,9.119999796152117,0
18:09:18.795821,78,-1.759675195017873,0.750823966085412,1.3417086273115235,0.4174800111504737,9.239999793469906,0
18:09:18.795821,78,-1.8149380163199496,0.7097340019882908,1.254506668777699,2.574600068764994,7.519999831914902,0
18:09:18.795821,78,-1.685401703852647,0.6380871204860135,1.2293727955406135,0.5566400148672983,10.119999773800371,0
18:09:18.795821,78,-1.7335760281498238,0.7388398480729546,1.2635417290237618,2.574600068764994,10.359999768435957,0
18:09:18.795821,78,-1.7877703609215905,0.7619371521088445,1.240518876860536,0.3480400092958007,8.239999815821648,0
18:09:18.795821,78,-1.6079087497134774,0.7238755906593719,1.301219286112009,0.5566400148672983,6.239999860525131,0
18:09:18.795821,78,-1.6601730666835832,0.686564411373366,1.216383344596099,0.5566400148672983,11.239999748766422,0
18:09:18.795821,78,-1.7151450522513738,0.7721530453679052,1.2546154847112811,0.4174800111504737,11.759999737143517,0
18:09:18.795821,78,-1.768763203520322,0.7962917727221718,1.2313135840109173,0.3480400092958007,9.119999796152117,0
18:09:18.795821,78,-1.5899869947880256,0.7547659205473627,1.292942247164591,0.5566400148672983,6.519999854266644,0
18:09:18.795821,78,-1.6425224939469736,0.7184670634729216,1.207835054729612,0.5566400148672983,12.359999723732471,0
18:09:18.795821,78,-1.696028041230986,0.8051035448780554,1.2457864249773345,0.4174800111504737,13.35999970138073,0
18:09:18.795821,78,-1.7490485644524665,0.8302723570434017,1.222208513883706,0.3480400092958007,9.999999776482582,0
18:09:18.795821,78,-1.8020690876739467,0.8554411692087482,1.1986306027900775,0.3480400092958007,4.359999902546406,0
18:09:18.795821,78,-1.5718008552725231,0.7258188469367925,1.2252161739844254,0.5566400148672983,6.8799998462200165,0
18:09:18.795821,78,-1.624214934142162,0.7500223751132798,1.1993798344586657,0.5566400148672983,13.519999697804453,0
18:09:18.795821,78,-1.6762326416378368,0.8376781668435247,1.2370580813279377,0.4174800111504737,14.999999664723871,0
18:09:18.795821,78,-1.7286343293104394,0.8638653132924821,1.213207308385391,0.3480400092958007,10.87999975681305,0
18:09:18.795821,78,-1.781036016983042,0.8900524597414392,1.189356535442844,0.3480400092958007,4.639999896287918,0
18:09:18.795821,78,-1.5534553885381466,0.756007509754149,1.2171271461619393,0.5566400148672983,6.999999843537808,0
18:09:18.795821,78,-1.605257710048645,0.7812177245910805,1.1910210657584823,0.5566400148672983,14.759999670088291,0
18:09:18.795821,78,-1.6557667713674744,0.869863881850432,1.2284339449840187,0.4174800111504737,16.759999625384808,0
18:09:18.795821,78,-1.7075286635157472,0.8970572047354137,1.204313567877996,0.3480400092958007,11.879999734461308,0
18:09:18.795821,78,-1.75929055566402,0.924250527620396,1.180193190771973,0.3480400092958007,4.8799998909235,0
18:09:18.795821,78,-1.534488560388593,0.7858357514727801,1.2091346928817917,0.5566400148672983,7.239999838173389,0
18:09:18.795821,78,-1.5856584043029616,0.812040634183023,1.1827620920249438,0.5566400148672983,15.75999964773655,0
18:09:18.795821,78,-1.63682824821733,0.8382455168932662,1.1563894911680954,0.5566400148672983,18.35999958962202,0
18:09:18.795821,78,-1.6857400090529246,0.9298347550587658,1.1955308497389834,0.3480400092958007,12.639999717473984,0
18:09:18.795821,78,-1.736841401611083,0.9580216940750452,1.1711442339929927,0.3480400092958007,4.999999888241291,0
18:09:18.795821,78,-1.514907957301895,0.8152916411942361,1.2012420110185875,0.5566400148672983,7.239999838173389,0
18:09:18.795821,78,-1.5654248563657387,0.8424787751367883,1.1746062167372775,0.5566400148672983,16.639999628067017,0
18:09:18.795821,78,-1.615941755429582,0.8696659090793402,1.1479704224559677,0.5566400148672983,19.879999555647373,0
18:09:18.795821,78,-1.6632770810928563,0.962184853680023,1.1868626669383502,0.3480400092958007,13.35999970138073,0
18:09:18.795821,78,-1.7136975341861336,0.9913524510896858,1.1622132845678017,0.3480400092958007,5.239999882876873,0
18:09:18.795821,78,-1.4947214112578675,0.8443633969558955,1.193452257539696,0.5566400148672983,7.35999983549118,0
18:09:18.795821,78,-1.5445651593860132,0.872519972602375,1.1665567021367098,0.5566400148672983,17.11999961733818,0
18:09:18.795821,78,-1.5944089075141588,0.9006765482488548,1.1396611467337234,0.5566400148672983,20.87999953329563,0
18:09:18.795821,78,-1.6401488645068223,0.9940945609916444,1.1783124866334878,0.3480400092958007,13.879999689757824,0
18:09:18.795821,78,-1.523087656964078,0.9021522105018784,1.1586167679216108,0.5566400148672983,17.23999961465597,0
18:09:18.795821,78,-1.57223831732274,0.9312650305601662,1.131464987600714,0.5566400148672983,21.359999522566795,0
18:09:18.795821,78,-1.621388977681402,0.960377850618454,1.1043132072798167,0.3480400092958007,14.119999684393406,0
18:09:18.795821,78,-1.5494388527954022,0.9614191210287382,1.123385223411165,0.5566400148672983,21.239999525249004,0
18:09:18.795821,78,-1.5978767657766495,0.9914746057217162,1.0959808568626692,0.3480400092958007,14.239999681711195,0
18:09:18.795821,78,-1.5828931693745991,1.09952571991172,1.0476776243772885,0.3480400092958007,5.999999865889549,0
18:09:18.795821,78,-4.55776780517351,4.511803155663909,5.148693382591194,0.2783200074336491,2.999999932944774,-1
18:09:18.795821,78,-1.3288014749105284,1.3029903073262648,0.3824628167021555,0.6958000185841229,5.359999880194664,-1
18:09:18.795821,78,-1.3628871256407689,1.3364138648395514,0.340970683743182,0.6958000185841229,8.51999980956316,-1
18:09:18.795821,78,-1.3614299692992962,1.3964824344437428,0.2923390413121334,0.6958000185841229,6.239999860525131,-1
18:09:18.795821,78,0.0375895845076288,0.1855750581207753,2.167803239004924,-1.669920044601895,4.759999893605709,-1
18:09:18.795821,78,0.222791045998059,0.0442281660422372,1.8885682934162815,-2.574600068764994,3.879999913275242,-1
18:09:18.850689,79,-1.8794186807664168,0.886622797944946,-0.1875315976285884,0.4174800111504737,8.759999804198742,0
18:09:18.850689,79,-1.7969307047666914,0.8920700624103173,-0.2622822856836338,0.3480400092958007,9.759999781847,0
18:09:18.850689,79,-1.8531056050886947,0.9199575856760792,-0.2704816454115418,0.4174800111504737,9.999999776482582,0
18:09:18.850689,79,-1.7787311191746429,0.9278278717853802,-0.2622822856836338,0.3480400092958007,11.119999751448631,0
18:09:18.850689,79,-1.834337071621348,0.9568332408156164,-0.2704816454115418,0.4174800111504737,11.519999742507936,0
18:09:18.850689,79,-1.887377708178956,0.9845004809087804,-0.2999828182935919,0.4174800111504737,7.999999821186066,0
18:09:18.850689,79,-1.704902234357585,0.8252368166255216,-0.5038778946339242,0.4872000130126253,7.1199998408555984,0
18:09:18.850689,79,-1.757431371511173,0.9619071422335757,-0.2823306138446377,0.3480400092958007,12.639999717473984,0
18:09:18.850689,79,-1.8148348278156528,0.993326175433542,-0.2704816454115418,0.4174800111504737,13.23999970406294,0
18:09:18.850689,79,-1.8673115486994407,1.0220486242513922,-0.2999828182935919,0.4174800111504737,8.759999804198742,0
18:09:18.850689,79,-1.6793816953780576,0.8760048820987422,-0.5038778946339242,0.4872000130126253,7.519999831914902,0
18:09:18.850689,79,-1.7395505015078054,0.974852270238696,-0.3422981964309767,0.3480400092958007,14.239999681711195,0
18:09:18.850689,79,-1.794606674308756,1.0294217928432277,-0.2704816454115418,0.4174800111504737,15.119999662041664,0
18:09:18.850689,79,-1.8483127100538264,1.0358031226717592,-0.3636997641307264,0.4174800111504737,9.759999781847,0
18:09:18.850689,79,-1.9047299959998325,1.0179096078440089,-0.4829421681966038,0.3480400092958007,3.879999913275242,0
18:09:18.850689,79,-1.6615269009824256,0.9094150809962672,-0.5038778946339242,0.4872000130126253,7.879999823868275,0
18:09:18.850689,79,-1.7166689283954772,1.0076627703529324,-0.3622215936297465,0.3480400092958007,15.999999642372131,0
18:09:18.850689,79,-1.7712532221187876,1.0636599331460663,-0.2911567160691148,0.4174800111504737,17.359999611973763,0
18:09:18.850689,79,-1.824000508497802,1.0706650392023802,-0.384868835243073,0.4174800111504737,10.759999759495258,0
18:09:18.850689,79,-1.8733402246566992,1.0745849105984375,-0.4829421681966038,0.3480400092958007,4.119999907910824,0
18:09:18.850689,79,-1.6430075180095058,0.9424615260030268,-0.5038778946339242,0.4872000130126253,8.239999815821648,0
18:09:18.850689,79,-1.696173694636254,1.0417923334800574,-0.3622215936297465,0.3480400092958007,17.879999600350857,0
18:09:18.850689,79,-1.7496272032957532,1.0988699102869104,-0.2911567160691148,0.4174800111504737,19.759999558329586,0
18:09:18.850689,79,-1.8022238477915664,1.1069284907444723,-0.384868835243073,0.4174800111504737,11.879999734461308,0
18:09:18.850689,79,-1.8514753041368217,1.111834306708571,-0.4829421681966038,0.3480400092958007,4.359999902546406,0
18:09:18.850689,79,-0.2099068117671126,0.0939391867843172,-0.1054683158137833,-3.827040102216415,2.999999932944774,-1
18:09:18.850689,79,-1.6238309539652342,0.9751309989822228,-0.5038778946339242,0.4872000130126253,8.639999806880951,0
18:09:18.850689,79,-1.675000014044851,1.0755051935827975,-0.3622215936297465,0.3480400092958007,19.519999563694,0
18:09:18.850689,79,-1.7304200224831197,1.1110899735254702,-0.3529989802808516,0.3480400092958007,22.11999950557947,0
18:09:18.850689,79,-1.7797263216077692,1.1427491856689085,-0.384868835243073,0.4174800111504737,12.999999709427357,0
18:09:18.850689,79,-1.8288698182144023,1.1486389839401605,-0.4829421681966038,0.3480400092958007,4.639999896287918,0
18:09:18.850689,79,-1.604004879219202,1.0074104325808348,-0.5038778946339242,0.4872000130126253,8.879999801516533,0
18:09:18.850689,79,-1.653156355810816,1.1087878659672128,-0.3622215936297465,0.3480400092958007,20.87999953329563,0
18:09:18.850689,79,-1.707853632479829,1.1454738554435728,-0.3529989802808516,0.3480400092958007,24.23999945819378,0
18:09:18.850689,79,-1.7565169286565188,1.1781127961759623,-0.384868835243073,0.4174800111504737,13.999999687075617,0
18:09:18.850689,79,-1.8055328087820035,1.1849842209136945,-0.4829421681966038,0.3480400092958007,4.8799998909235,0
18:09:18.850689,79,-1.5856584043029616,0.9958877555172212,-0.5792196200118604,0.4872000130126253,8.999999798834324,0
18:09:18.850689,79,-1.6398042528497343,1.0998324821063008,-0.4415330961607676,0.3480400092958007,21.7599995136261,0
18:09:18.850689,79,-1.681628204745466,1.1773161076511394,-0.3735452144364097,0.3480400092958007,25.75999942421913,0
18:09:18.850689,79,-1.732604952385126,1.2130051772935715,-0.384868835243073,0.4174800111504737,14.879999667406082,0
18:09:18.850689,79,-1.7879427941692416,1.1734397672984618,-0.5689192759310583,0.3480400092958007,5.119999885559082,0
18:09:18.850689,79,-1.5654248563657387,1.0273996378226191,-0.5792196200118604,0.4872000130126253,8.999999798834324,0
18:09:18.850689,79,-1.617481120209127,1.1324064209139797,-0.4415330961607676,0.3480400092958007,21.99999950826168,0
18:09:18.850689,79,-1.6697711594446596,1.1940732437405694,-0.3735452144364097,0.3480400092958007,26.519999407231808,0
18:09:18.850689,79,-1.7186111642998003,1.203208058005599,-0.4691391441846584,0.4174800111504737,15.639999650418758,0
18:09:18.850689,79,-1.764117987279411,1.2089615583865445,-0.5689192759310583,0.3480400092958007,5.359999880194664,0
18:09:18.850689,79,-1.5945110167154843,1.1645274122720917,-0.4415330961607676,0.3480400092958007,21.51999951899052,0
18:09:18.850689,79,-1.645557344084049,1.2272276331884562,-0.3735452144364097,0.3480400092958007,26.239999413490292,0
18:09:18.850689,79,-1.6942048971625416,1.237337355508182,-0.4691391441846584,0.3480400092958007,15.999999642372131,0
18:09:18.850689,79,-1.739587556747471,1.2439997809921617,-0.5689192759310583,0.3480400092958007,5.639999873936176,0
18:09:18.850689,79,-1.5709031301035292,1.1961826082129423,-0.4415330961607676,0.3480400092958007,20.51999954134226,0
18:09:18.850689,79,-1.620012050394669,1.2335771714006196,-0.455336120172713,0.3480400092958007,25.23999943584204,0
18:09:18.850689,79,-1.669120970685808,1.2709717345882974,-0.4691391441846584,0.3480400092958007,16.119999639689922,0
18:09:18.850689,79,-1.607595484627646,1.2497153432000012,-0.455336120172713,0.3480400092958007,23.519999474287037,0
18:09:18.850689,79,-1.629465093069421,1.3470393391189683,-0.6539862342276772,0.3480400092958007,6.11999986320734,0
18:09:18.850689,79,-1.4998512657604997,1.8172612385473732,-1.0806333662777865,1.2524400334514212,3.999999910593033,-1
18:09:18.850689,79,-1.4887050043745618,1.840949866550392,-1.2026395630744593,1.2524400334514212,3.63999991863966,-1
18:09:18.850689,79,-2.053485677776603,3.2037230685980336,-1.1771308935776752,0.3480400092958007,2.999999932944774,-1
18:09:18.850689,79,-2.053443252789608,3.275292818788336,-1.1958225471316293,0.3480400092958007,3.2399999275803566,-1
18:09:18.850689,79,-2.1321763065861568,4.413940590025485,0.5413991488164493,0.3480400092958007,2.999999932944774,-1
18:09:18.850689,79,-2.1223572721251704,4.508167188990222,0.3493645312487533,0.2088800055789761,3.2399999275803566,-1
18:09:18.850689,79,0.013789823117993,0.2295545277669499,-0.1054683158137833,-0.6263600167294499,4.119999907910824,-1
18:09:18.850689,79,2.635961853408109,1.6555407688666668,6.430767836651095,3.2006800854869653,2.999999932944774,-1
18:09:18.850689,79,3.262847151938409,1.1571137067745036,6.177585559622181,2.15712005761452,3.2399999275803566,-1
18:09:18.850689,79,0.1818083741597831,0.0791917861383112,-0.1571094592127702,0.974120026017772,3.759999915957451,-1
18:09:18.904300,80,-1.832793613452272,0.7390627968963703,1.3305700811205778,0.4174800111504737,7.519999831914902,0
18:09:18.904300,80,-1.8909774494370613,0.6095392238365966,1.1789691103027733,0.4872000130126253,7.35999983549118,0
18:09:18.904300,80,-1.9432227682797647,0.7153984912045415,1.2193209770677234,0.4872000130126253,7.35999983549118,0
18:09:18.904300,80,-1.8146854290892336,0.7742959126342331,1.3211293962117852,0.4174800111504737,8.359999813139439,0
18:09:18.904300,80,-1.86609213624338,0.6639790638285341,1.1643819991408542,0.4872000130126253,8.51999980956316,0
18:09:18.904300,80,-1.924973798282314,0.7527636455308351,1.2093090141409286,0.4872000130126253,8.359999813139439,0
18:09:18.904300,80,-1.979991689263496,0.7742784673021073,1.1867101868225436,0.4872000130126253,5.359999880194664,0
18:09:18.904300,80,-1.7414120941738185,0.7846429989653103,1.3326468447625537,0.5566400148672983,5.999999865889549,0
18:09:18.904300,80,-1.7877703609215905,0.7619371521088445,1.240518876860536,0.4174800111504737,9.239999793469906,0
18:09:18.904300,80,-1.8485675065598104,0.6998611159514323,1.154767432251752,0.4872000130126253,9.759999781847,0
18:09:18.904300,80,-1.8961590264651231,0.8081317601806246,1.1944731725340838,0.4872000130126253,9.519999787211418,0
18:09:18.904300,80,-1.9503533592368896,0.8312290642165143,1.1714503203708575,0.4872000130126253,5.759999871253967,0
18:09:18.904300,80,-1.712713786505498,0.8346931925983718,1.3192359357975532,0.5566400148672983,6.239999860525131,0
18:09:18.904300,80,-1.768763203520322,0.7962917727221718,1.2313135840109173,0.4174800111504737,10.239999771118164,0
18:09:18.904300,80,-1.8208964541342008,0.7530315527295375,1.140520456655849,0.4872000130126253,11.239999748766422,0
18:09:18.904300,80,-1.87447091661774,0.775187266514928,1.115232827342432,0.4872000130126253,10.87999975681305,0
18:09:18.904300,80,-1.9296176573271664,0.8687079547849719,1.1614078819098252,0.4872000130126253,6.11999986320734,0
18:09:18.904300,80,-1.6430075180095058,0.7799347327127091,1.2693643360709628,0.4872000130126253,3.999999910593033,0
18:09:18.904300,80,-1.6927236371869971,0.8675882879471318,1.3104217215639082,0.5566400148672983,6.519999854266644,0
18:09:18.904300,80,-1.7490485644524665,0.8302723570434017,1.222208513883706,0.4174800111504737,11.239999748766422,0
18:09:18.904300,80,-1.8015371078380136,0.7880227396433233,1.1311445963800932,0.4872000130126253,13.119999706745148,0
18:09:18.904300,80,-1.8545419791350268,0.8112079650334569,1.1055811102635873,0.4872000130126253,12.519999720156193,0
18:09:18.904300,80,-1.9081101341169069,0.9057787935394408,1.151474780602821,0.4872000130126253,6.519999854266644,0
18:09:18.904300,80,-1.6238309539652342,0.8114910203945673,1.2609088542704847,0.4872000130126253,4.119999907910824,0
18:09:18.904300,80,-1.6720564210132352,0.9000906502199023,1.3017127398408157,0.5566400148672983,6.7599998489022255,0
18:09:18.904300,80,-1.7286343293104394,0.8638653132924821,1.213207308385391,0.4174800111504737,12.23999972641468,0
18:09:18.904300,80,-1.781457170751078,0.8226329596427415,1.1218708158813857,0.4872000130126253,15.119999662041664,0
18:09:18.904300,80,-1.8338712496207163,0.8468364878192287,1.0960344763556258,0.4872000130126253,14.359999679028988,0
18:09:18.904300,80,-1.8858393923282477,0.9424267526393542,1.1416549895577504,0.4872000130126253,6.8799998462200165,0
18:09:18.904300,80,-1.604004879219202,0.8426705589654498,1.2525543220900417,0.5566400148672983,4.239999905228615,0
18:09:18.904300,80,-1.650720404594753,0.932187278905714,1.2931124741046909,0.5566400148672983,6.8799998462200165,0
18:09:18.904300,80,-1.7075286635157472,0.8970572047354137,1.204313567877996,0.4174800111504737,13.119999706745148,0
18:09:18.904300,80,-1.76066467458014,0.8568483691018753,1.1127028245481108,0.4872000130126253,17.519999608397484,0
18:09:18.904300,80,-1.8124669960906383,0.8820585839388067,1.0865967441446536,0.4872000130126253,16.239999637007713,0
18:09:18.904300,80,-1.864269317601137,0.9072687987757384,1.0604906637411964,0.4872000130126253,7.1199998408555984,0
18:09:18.904300,80,-1.583537223936608,0.8734608770262069,1.2443040812309645,0.5566400148672983,4.359999902546406,0
18:09:18.904300,80,-1.6346386164947662,0.9016478160424864,1.2199174654849738,0.5566400148672983,6.8799998462200165,0
18:09:18.904300,80,-1.6857400090529246,0.9298347550587658,1.1955308497389834,0.4174800111504737,13.879999689757824,0
18:09:18.904300,80,-1.739167936046067,0.8906552823137521,1.1036442894543992,0.4872000130126253,19.879999555647373,0
18:09:18.904300,80,-1.7903377799604356,0.9168601650239948,1.077271688597551,0.4872000130126253,18.23999959230423,0
18:09:18.904300,80,-1.841507623874804,0.9430650477342378,1.050899087740703,0.4872000130126253,7.35999983549118,0
18:09:18.904300,80,-1.5624361749063018,0.9038496588606976,1.2361614316794471,0.5566400148672983,4.359999902546406,0
18:09:18.904300,80,-1.612856627999579,0.9330172562703604,1.2115120493088989,0.5566400148672983,6.8799998462200165,0
18:09:18.904300,80,-1.6632770810928563,0.962184853680023,1.1868626669383502,0.4174800111504737,14.359999679028988,0
18:09:18.904300,80,-1.7169755535572688,0.924040176964444,1.094698833893348,0.4872000130126253,22.11999950557947,0
18:09:18.904300,80,-1.7674924526211122,0.9512273109069962,1.0680630396120383,0.4872000130126253,19.999999552965164,0
18:09:18.904300,80,-1.818009351684956,0.978414444849548,1.0414272453307287,0.4872000130126253,7.639999829232693,0
18:09:18.904300,80,-1.6442526556423045,0.9288331238953343,1.1127655913307373,0.4174800111504737,14.51999967545271,0
18:09:18.904300,80,-1.6940964037704498,0.956989699541814,1.0858700359277509,0.4872000130126253,23.75999946892261,0
18:09:18.904300,80,-1.7439401518985953,0.985146275188294,1.0589744805247645,0.4872000130126253,21.239999525249004,0
18:09:18.904300,80,-1.793783900026741,1.0133028508347737,1.0320789251217783,0.4872000130126253,7.639999829232693,0
18:09:18.904300,80,-1.5296155193319054,0.9486534070059798,1.2241563035460312,0.5566400148672983,4.359999902546406,0
18:09:18.904300,80,-1.621388977681402,0.960377850618454,1.1043132072798167,0.4174800111504737,14.239999681711195,0
18:09:18.904300,80,-1.6717850806178305,0.9210959686900207,1.0109892001608576,0.4872000130126253,24.51999945193529,0
18:09:18.904300,80,-1.7196902983987266,1.0186034907350292,1.0500096466380229,0.4872000130126253,21.639999516308308,0
18:09:18.904300,80,-1.7688409587573888,1.047716310793317,1.0228578663171255,0.4872000130126253,7.639999829232693,0
18:09:18.904300,80,-1.6485385585143553,0.9531689006247286,1.0023952839500545,0.4872000130126253,24.119999460875988,0
18:09:18.904300,80,-1.707306809694229,1.0351547533591197,1.0455747491841825,0.4872000130126253,21.239999525249004,0
18:09:18.904300,80,-1.6366674334418347,0.9690353590523402,0.9981438792276336,0.4872000130126253,22.75999949127436,0
18:09:18.904300,80,-1.672432626562503,1.0137607695170328,0.9643225999267028,0.4872000130126253,19.999999552965164,0
18:09:18.904300,80,-1.6522592048262732,1.3944651694084005,0.351634544150436,0.904680024163099,6.6399998515844345,-1
18:09:18.904300,80,-1.558392627497764,1.344717561633888,0.4242754686059511,0.904680024163099,6.519999854266644,-1
18:09:18.904300,80,-1.5964168665523435,1.3775282032669645,0.3858283371137441,0.904680024163099,8.639999806880951,-1
18:09:18.904300,80,-1.8184277068719297,5.842109673628389,5.688761355128119,2.5048800669028424,3.1199999302625656,-1
18:09:18.904300,80,1.889055100528417,6.55118903659187,3.664100590577159,-3.131240083632292,2.999999932944774,-1
18:09:18.904300,80,2.8443751236001,6.326061005344498,3.427630668861938,-0.2088800055789761,2.999999932944774,-1
18:09:18.962556,81,-3.2592601519394258,1.0237908117999088,1.069415565842357,0.4174800111504737,3.2399999275803566,-1
18:09:18.962556,81,-1.7940828334851504,0.6821614791756818,1.3601066852292985,0.6263600167294499,7.759999826550484,0
18:09:18.962556,81,-1.777234449277407,0.7166589042993441,1.35086312802646,0.6263600167294499,8.239999815821648,0
18:09:18.962556,81,-1.832793613452272,0.7390627968963703,1.3305700811205778,0.6263600167294499,10.119999773800371,0
18:09:18.962556,81,-1.8883527776271372,0.7614666894933968,1.3102770342146954,0.4872000130126253,11.119999751448631,0
18:09:18.962556,81,-1.9432227682797647,0.7153984912045415,1.2193209770677234,0.4872000130126253,10.639999762177467,0
18:09:18.962556,81,-1.9987622351092704,0.7358453753295697,1.197008302779216,0.3480400092958007,7.1199998408555984,0
18:09:18.962556,81,-1.759675195017873,0.750823966085412,1.3417086273115235,0.6263600167294499,8.639999806880951,0
18:09:18.962556,81,-1.8146854290892336,0.7742959126342331,1.3211293962117852,0.6263600167294499,11.119999751448631,0
18:09:18.962556,81,-1.8696956631605943,0.7977678591830543,1.3005501651120466,0.4872000130126253,12.639999717473984,0
18:09:18.962556,81,-1.924973798282314,0.7527636455308351,1.2093090141409286,0.4872000130126253,12.23999972641468,0
18:09:18.962556,81,-1.979991689263496,0.7742784673021073,1.1867101868225436,0.3480400092958007,7.999999821186066,0
18:09:18.962556,81,-1.6869727935651473,0.7601138158764406,1.3535093615394067,0.6263600167294499,3.999999910593033,0
18:09:18.962556,81,-1.7414120941738185,0.7846429989653103,1.3326468447625537,0.6263600167294499,8.999999798834324,0
18:09:18.962556,81,-1.7958513947824897,0.8091721820541802,1.3117843279857002,0.6263600167294499,11.9999997317791,0
18:09:18.962556,81,-1.850290695391161,0.83370136514305,1.2909218112088467,0.4872000130126253,14.6399996727705,0
18:09:18.962556,81,-1.8961590264651231,0.8081317601806246,1.1944731725340838,0.4872000130126253,14.359999679028988,0
18:09:18.962556,81,-1.9503533592368896,0.8312290642165143,1.1714503203708575,0.3480400092958007,9.119999796152117,0
18:09:18.962556,81,-2.0117333092669734,0.7616351114168513,1.0801620689628906,0.3480400092958007,3.1199999302625656,0
18:09:18.962556,81,-1.712713786505498,0.8346931925983718,1.3192359357975532,0.6263600167294499,9.119999796152117,0
18:09:18.962556,81,-1.7662559325558984,0.8607870240239728,1.2979541727624342,0.6263600167294499,12.879999712109566,0
18:09:18.962556,81,-1.82238135478927,0.8204305000764385,1.2080116833105534,0.3480400092958007,16.759999625384808,0
18:09:18.962556,81,-1.8759995060582184,0.8445692274307051,1.184709782610189,0.4872000130126253,16.759999625384808,0
18:09:18.962556,81,-1.9296176573271664,0.8687079547849719,1.1614078819098252,0.3480400092958007,10.519999764859676,0
18:09:18.962556,81,-1.9816198415848176,0.8194986940857091,1.0646575687155986,0.3480400092958007,3.2399999275803566,0
18:09:18.962556,81,-1.6398064148703888,0.8404661037323012,1.3319790308984358,0.6263600167294499,3.879999913275242,0
18:09:18.962556,81,-1.6927236371869971,0.8675882879471318,1.3104217215639082,0.6263600167294499,9.239999793469906,0
18:09:18.962556,81,-1.7456408595036053,0.8947104721619626,1.2888644122293806,0.6263600167294499,13.759999692440031,0
18:09:18.962556,81,-1.8020690876739467,0.8554411692087482,1.1986306027900775,0.3480400092958007,19.239999569952488,0
18:09:18.962556,81,-1.855089610895427,0.8806099813740944,1.1750526916964492,0.4872000130126253,19.759999558329586,0
18:09:18.962556,81,-1.9075468504320403,0.8343931904235907,1.0800176241470811,0.3480400092958007,11.9999997317791,0
18:09:18.962556,81,-1.9605517217290531,0.8575784158137245,1.054454138030575,0.3480400092958007,3.359999924898148,0
18:09:18.962556,81,-1.6197852886128463,0.8719523906739198,1.3235423057397746,0.6263600167294499,3.879999913275242,0
18:09:18.962556,81,-1.6720564210132352,0.9000906502199023,1.3017127398408157,0.6263600167294499,9.239999793469906,0
18:09:18.962556,81,-1.7286343293104394,0.8638653132924821,1.213207308385391,0.6263600167294499,14.239999681711195,0
18:09:18.962556,81,-1.781036016983042,0.8900524597414392,1.189356535442844,0.3480400092958007,21.87999951094389,0
18:09:18.962556,81,-1.8334377046556447,0.9162396061903968,1.1655057625002971,0.4872000130126253,23.11999948322773,0
18:09:18.962556,81,-1.8862853284903551,0.8710400159957158,1.070198136829866,0.3480400092958007,13.759999692440031,0
18:09:18.962556,81,-1.938699407359994,0.8952435441722031,1.0443617973041062,0.3480400092958007,3.519999921321869,0
18:09:18.962556,81,-1.604004879219202,0.8426705589654498,1.2525543220900417,0.6263600167294499,3.759999915957451,0
18:09:18.962556,81,-1.6557667713674744,0.869863881850432,1.2284339449840187,0.6263600167294499,8.999999798834324,0
18:09:18.962556,81,-1.7075286635157472,0.8970572047354137,1.204313567877996,0.6263600167294499,14.6399996727705,0
18:09:18.962556,81,-1.75929055566402,0.924250527620396,1.180193190771973,0.3480400092958007,24.51999945193529,0
18:09:18.962556,81,-1.811052447812293,0.9514438505053776,1.1560728136659502,0.4872000130126253,26.87999939918518,0
18:09:18.962556,81,-1.864269317601137,0.9072687987757384,1.0604906637411964,0.3480400092958007,15.519999653100967,0
18:09:18.962556,81,-1.913166652035604,0.8581072840080632,0.9623555422963884,0.3480400092958007,3.759999915957451,0
18:09:18.962556,81,-1.583537223936608,0.8734608770262069,1.2443040812309645,0.6263600167294499,3.759999915957451,0
18:09:18.962556,81,-1.6346386164947662,0.9016478160424864,1.2199174654849738,0.6263600167294499,8.759999804198742,0
18:09:18.962556,81,-1.6857400090529246,0.9298347550587658,1.1955308497389834,0.6263600167294499,14.6399996727705,0
18:09:18.962556,81,-1.736841401611083,0.9580216940750452,1.1711442339929927,0.3480400092958007,26.87999939918518,0
18:09:18.962556,81,-1.7903377799604356,0.9168601650239948,1.077271688597551,0.3480400092958007,30.63999931514263,0
18:09:18.962556,81,-1.841507623874804,0.9430650477342378,1.050899087740703,0.3480400092958007,17.23999961465597,0
18:09:18.962556,81,-1.890836892477003,0.8948523607001735,0.9525097286709177,0.3480400092958007,3.879999913275242,0
18:09:18.962556,81,-1.612856627999579,0.9330172562703604,1.2115120493088989,0.6263600167294499,8.359999813139439,0
18:09:18.962556,81,-1.6632770810928563,0.962184853680023,1.1868626669383502,0.6263600167294499,14.359999679028988,0
18:09:18.962556,81,-1.7136975341861336,0.9913524510896858,1.1622132845678017,0.3480400092958007,28.639999359846115,0
18:09:18.962556,81,-1.7674924526211122,0.9512273109069962,1.0680630396120383,0.3480400092958007,33.7599992454052,0
18:09:18.962556,81,-1.818009351684956,0.978414444849548,1.0414272453307287,0.3480400092958007,18.639999583363533,0
18:09:18.962556,81,-1.8677508234060427,0.9311587395607754,0.9427814637751208,0.3480400092958007,3.999999910593033,0
18:09:18.962556,81,-1.6401488645068223,0.9940945609916444,1.1783124866334878,0.6263600167294499,13.879999689757824,0
18:09:18.962556,81,-1.6940964037704498,0.956989699541814,1.0858700359277509,0.3480400092958007,29.23999934643507,0
18:09:18.962556,81,-1.7439401518985953,0.985146275188294,1.0589744805247645,0.3480400092958007,35.759999200701714,0
18:09:18.962556,81,-1.793783900026741,1.0133028508347737,1.0320789251217783,0.3480400092958007,19.63999956101179,0
18:09:18.962556,81,-1.843917678942128,0.967011898523052,0.9331746387850745,0.3480400092958007,4.239999905228615,0
18:09:18.962556,81,-1.6705396380400643,0.9894906706767416,1.0771614269589198,0.3480400092958007,28.879999354481697,0
18:09:18.962556,81,-1.7196902983987266,1.0186034907350292,1.0500096466380229,0.3480400092958007,35.879999198019505,0
18:09:18.962556,81,-1.7688409587573888,1.047716310793317,1.0228578663171255,0.3480400092958007,19.879999555647373,0
18:09:18.962556,81,-1.6463146787578973,1.021530090414694,1.0685764903141737,0.3480400092958007,27.359999388456345,0
18:09:18.962556,81,-1.6947525917391448,1.051585575107672,1.041172123765678,0.3480400092958007,34.35999923199415,0
18:09:18.962556,81,-1.7561035361800672,1.064740626901806,1.018296214564164,0.3480400092958007,19.519999563694,0
18:09:18.962556,81,-1.682028899944752,1.067894312912277,1.0368022106413632,0.3480400092958007,31.359999299049377,0
18:09:18.962556,81,-1.7388362789562344,1.3125594391547415,0.3735811184273854,0.6958000185841229,7.999999821186066,-1
18:09:18.962556,81,-1.62539687215304,1.2832032708212415,0.4407581731521728,0.6958000185841229,3.2399999275803566,-1
18:09:18.962556,81,-1.6650559915140892,1.3145129851155588,0.4027132139282843,0.6958000185841229,7.639999829232693,-1
18:09:18.962556,81,-1.7443742302361878,1.3771324137041931,0.3266232954805073,0.7655200204462744,4.359999902546406,-1
18:09:18.962556,81,-0.1373159651980137,0.1101645775215253,1.8182939251379568,3.4790000929206144,3.359999924898148,-1
18:09:18.962556,81,0.0784706585355244,0.2290878467023172,2.0732811048144444,-1.669920044601895,3.879999913275242,-1
18:09:18.962556,81,2.1874648080875763,5.031166340007889,-2.3770081921448565,2.574600068764994,2.999999932944774,-1
18:09:19.012854,82,-3.2209063606097583,1.11768825501173,1.0442558217624025,0.4872000130126253,4.8799998909235,-1
18:09:19.012854,82,-3.2781068634080155,1.027473797130894,0.910444943034992,0.4872000130126253,6.8799998462200165,-1
18:09:19.012854,82,-1.9432227682797647,0.7153984912045415,1.2193209770677234,0.4872000130126253,6.519999854266644,0
18:09:19.012854,82,-1.924973798282314,0.7527636455308351,1.2093090141409286,0.4872000130126253,7.1199998408555984,0
18:09:19.012854,82,-1.9759005582621203,0.7030502821442963,1.115210850352073,0.4872000130126253,5.879999868571758,0
18:09:19.012854,82,-3.1347542388917384,1.536382877820128,1.1046449037600996,0.4872000130126253,5.999999865889549,1
18:09:19.012854,82,-1.8961590264651231,0.8081317601806246,1.1944731725340838,0.4872000130126253,7.879999823868275,0
18:09:19.012854,82,-1.9573447083645852,0.741043779595045,1.105030523392511,0.4872000130126253,6.359999857842922,0
18:09:19.012854,82,-3.038889296971463,1.4809141201433271,0.9469297445302948,0.4872000130126253,3.999999910593033,1
18:09:19.012854,82,-3.099814260344479,1.5966061912229554,1.0885081155682856,0.4872000130126253,5.759999871253967,1
18:09:19.012854,82,-1.819798078606299,0.886880855449574,1.276672409727315,0.4872000130126253,4.8799998909235,0
18:09:19.012854,82,-1.8759995060582184,0.8445692274307051,1.184709782610189,0.4872000130126253,8.639999806880951,0
18:09:19.012854,82,-1.938005946716284,0.7786712310126667,1.094948278171918,0.4872000130126253,6.8799998462200165,0
18:09:19.012854,82,-3.009867783816068,1.627077307561081,1.088832006373927,0.4872000130126253,3.759999915957451,1
18:09:19.012854,82,-3.0585682680681985,1.7307288276314636,1.2009035673693296,0.4872000130126253,5.359999880194664,1
18:09:19.012854,82,-1.7985580818202136,0.9218326563767932,1.2673071028948533,0.4872000130126253,4.999999888241291,0
18:09:19.012854,82,-1.8545419791350268,0.8112079650334569,1.1055811102635873,0.3480400092958007,9.239999793469906,0
18:09:19.012854,82,-1.9075468504320403,0.8343931904235907,1.0800176241470811,0.3480400092958007,7.35999983549118,0
18:09:19.012854,82,-1.9656243372637996,0.7644221577710648,0.9874583962143996,0.3480400092958007,3.1199999302625656,0
18:09:19.012854,82,-2.9731189686072588,1.6848704469451945,1.0733463813478945,0.4872000130126253,3.519999921321869,1
18:09:19.012854,82,-3.020387539420025,1.7894489877838706,1.185169547877066,0.4872000130126253,4.999999888241291,1
18:09:19.012854,82,-1.781036016983042,0.8900524597414392,1.189356535442844,0.3480400092958007,5.119999885559082,0
18:09:19.012854,82,-1.8338712496207163,0.8468364878192287,1.0960344763556258,0.3480400092958007,9.999999776482582,0
18:09:19.012854,82,-1.8824243756342496,0.7987435750115839,1.0000991418674772,0.3480400092958007,7.879999823868275,0
18:09:19.012854,82,-1.9452237567506367,0.8021993079404048,0.977336039334176,0.3480400092958007,3.2399999275803566,0
18:09:19.012854,82,-2.935180945505224,1.7419421428370727,1.058054066522991,0.4872000130126253,3.2399999275803566,1
18:09:19.012854,82,-2.989372010226211,1.890062055790355,1.3070803483743738,0.4872000130126253,4.639999896287918,1
18:09:19.012854,82,-3.0418353231137822,1.923232539982569,1.2949196469411552,0.4872000130126253,3.63999991863966,1
18:09:19.012854,82,-1.75929055566402,0.924250527620396,1.180193190771973,0.3480400092958007,5.239999882876873,0
18:09:19.012854,82,-1.8124669960906383,0.8820585839388067,1.0865967441446536,0.3480400092958007,10.639999762177467,0
18:09:19.012854,82,-1.861442868859176,0.8349077603006427,0.9904089776243444,0.3480400092958007,8.239999815821648,0
18:09:19.012854,82,-1.913166652035604,0.8581072840080632,0.9623555422963884,0.3480400092958007,3.2399999275803566,0
18:09:19.012854,82,-2.896068889212694,1.7982695673203266,1.042961178620978,0.4872000130126253,2.999999932944774,1
18:09:19.012854,82,-2.9486768188456374,1.9474211137072417,1.291711035126934,0.4872000130126253,4.239999905228615,1
18:09:19.012854,82,-3.000425933382814,1.9815982461828192,1.279280603099126,0.4872000130126253,3.519999921321869,1
18:09:19.012854,82,-1.736841401611083,0.9580216940750452,1.1711442339929927,0.3480400092958007,5.359999880194664,0
18:09:19.012854,82,-1.7903377799604356,0.9168601650239948,1.077271688597551,0.3480400092958007,10.99999975413084,0
18:09:19.012854,82,-1.8397168097887489,0.8706594084393118,0.9808293523775063,0.3480400092958007,8.639999806880951,0
18:09:19.012854,82,-1.890836892477003,0.8948523607001735,0.9525097286709177,0.3480400092958007,3.359999924898148,0
18:09:19.012854,82,-1.7136975341861336,0.9913524510896858,1.1622132845678017,0.3480400092958007,5.519999876618385,0
18:09:19.012854,82,-1.7674924526211122,0.9512273109069962,1.0680630396120383,0.3480400092958007,11.239999748766422,0
18:09:19.012854,82,-1.817254888556531,0.9059842192456572,0.971364097849164,0.3480400092958007,8.879999801516533,0
18:09:19.012854,82,-1.8736689069763932,0.8377493019053981,0.8771457333568431,0.3480400092958007,3.359999924898148,0
18:09:19.012854,82,-1.7439401518985953,0.985146275188294,1.0589744805247645,0.3480400092958007,11.359999746084211,0
18:09:19.012854,82,-1.7940660896311256,0.9408680632669786,0.9620170000147577,0.3480400092958007,8.879999801516533,0
18:09:19.012854,82,-1.6776994707570223,1.0404937049546454,1.149045925279633,0.3480400092958007,5.519999876618385,0
18:09:19.012854,82,-1.7209723844201692,0.9481964780607124,0.9818904988747426,0.3480400092958007,11.119999751448631,0
18:09:19.012854,82,-1.8281891129900223,0.909273242421037,0.857980951256186,0.3480400092958007,3.359999924898148,0
18:09:19.012854,82,-3.639215863103966,5.919239108319443,0.6338509253948157,0.2088800055789761,3.519999921321869,-1
18:09:19.012854,82,-3.584574540719613,4.131336143609085,-2.3975816958968688,0.0697200018621515,3.759999915957451,-1
18:09:19.012854,82,-0.1198083074347899,0.2185596857489456,2.043435461497052,-3.0615200817701407,3.759999915957451,-1
18:09:19.012854,82,-0.5156600181446289,1.3211968054672845,3.530364796533413,0.2783200074336491,2.999999932944774,-1
18:09:19.012854,82,0.0465345493495348,0.2417039387604866,2.0585042544182173,-0.2783200074336491,3.359999924898148,-1
18:09:19.012854,82,0.1922218309323477,0.152741841501206,2.061071299710791,0.1391600037168245,4.239999905228615,-1
18:09:19.068428,83,-1.8748416707596056,0.6495116247397911,1.3545652453811936,0.4174800111504737,6.7599998489022255,0
18:09:19.068428,83,-1.8585791573224704,0.6855749020334444,1.3449021193539397,0.4174800111504737,7.519999831914902,0
18:09:19.068428,83,-1.912856544107848,0.6398818841593577,1.256389539140092,0.4174800111504737,6.6399998515844345,0
18:09:19.068428,83,-1.832793613452272,0.7390627968963703,1.3305700811205778,0.4174800111504737,8.51999980956316,0
18:09:19.068428,83,-1.88768330145026,0.6949516070795134,1.2416336513562307,0.4174800111504737,7.519999831914902,0
18:09:19.068428,83,-1.759675195017873,0.750823966085412,1.3417086273115235,0.4174800111504737,5.519999876618385,0
18:09:19.068428,83,-1.8146854290892336,0.7742959126342331,1.3211293962117852,0.4174800111504737,9.359999790787697,0
18:09:19.068428,83,-1.869955907301132,0.7312488237595629,1.231907841459314,0.4174800111504737,8.51999980956316,0
18:09:19.068428,83,-1.924973798282314,0.7527636455308351,1.2093090141409286,0.4174800111504737,6.11999986320734,0
18:09:19.068428,83,-1.7414120941738185,0.7846429989653103,1.3326468447625537,0.4174800111504737,5.759999871253967,0
18:09:19.068428,83,-1.7958513947824897,0.8091721820541802,1.3117843279857002,0.4174800111504737,10.359999768435957,0
18:09:19.068428,83,-1.8419646936933567,0.7850344561447347,1.21749602469731,0.4174800111504737,9.63999978452921,0
18:09:19.068428,83,-1.905954864465944,0.789768807557498,1.1993935108601017,0.4174800111504737,6.8799998462200165,0
18:09:19.068428,83,-1.712713786505498,0.8346931925983718,1.3192359357975532,0.4174800111504737,5.879999868571758,0
18:09:19.068428,83,-1.773379978608217,0.8039582124019891,1.2501618122944451,0.4174800111504737,11.119999751448631,0
18:09:19.068428,83,-1.82238135478927,0.8204305000764385,1.2080116833105534,0.4174800111504737,10.759999759495258,0
18:09:19.068428,83,-1.8759995060582184,0.8445692274307051,1.184709782610189,0.4174800111504737,7.519999831914902,0
18:09:19.068428,83,-1.928045379101279,0.7973429803003184,1.0899451980290151,0.4174800111504737,4.359999902546406,0
18:09:19.068428,83,-1.6927236371869971,0.8675882879471318,1.3104217215639082,0.4174800111504737,5.879999868571758,0
18:09:19.068428,83,-1.7490485644524665,0.8302723570434017,1.222208513883706,0.4174800111504737,11.879999734461308,0
18:09:19.068428,83,-1.8020690876739467,0.8554411692087482,1.1986306027900775,0.4174800111504737,11.879999734461308,0
18:09:19.068428,83,-1.8545419791350268,0.8112079650334569,1.1055811102635873,0.4174800111504737,8.239999815821648,0
18:09:19.068428,83,-1.9075468504320403,0.8343931904235907,1.0800176241470811,0.4174800111504737,4.639999896287918,0
18:09:19.068428,83,-1.6720564210132352,0.9000906502199023,1.3017127398408157,0.4174800111504737,5.879999868571758,0
18:09:19.068428,83,-1.7286343293104394,0.8638653132924821,1.213207308385391,0.4174800111504737,12.23999972641468,0
18:09:19.068428,83,-1.781036016983042,0.8900524597414392,1.189356535442844,0.4174800111504737,12.879999712109566,0
18:09:19.068428,83,-1.8338712496207163,0.8468364878192287,1.0960344763556258,0.4174800111504737,8.999999798834324,0
18:09:19.068428,83,-1.8862853284903551,0.8710400159957158,1.070198136829866,0.4174800111504737,4.8799998909235,0
18:09:19.068428,83,-1.661471485682287,0.9161904875142368,1.297398801439526,0.4174800111504737,5.879999868571758,0
18:09:19.068428,83,-1.7075286635157472,0.8970572047354137,1.204313567877996,0.4174800111504737,12.23999972641468,0
18:09:19.068428,83,-1.75929055566402,0.924250527620396,1.180193190771973,0.4174800111504737,13.759999692440031,0
18:09:19.068428,83,-1.8124669960906383,0.8820585839388067,1.0865967441446536,0.4174800111504737,9.63999978452921,0
18:09:19.068428,83,-1.864269317601137,0.9072687987757384,1.0604906637411964,0.4174800111504737,5.119999885559082,0
18:09:19.068428,83,-1.6346386164947662,0.9016478160424864,1.2199174654849738,0.4174800111504737,5.759999871253967,0
18:09:19.068428,83,-1.6857400090529246,0.9298347550587658,1.1955308497389834,0.4174800111504737,12.11999972909689,0
18:09:19.068428,83,-1.736841401611083,0.9580216940750452,1.1711442339929927,0.4174800111504737,14.119999684393406,0
18:09:19.068428,83,-1.7903377799604356,0.9168601650239948,1.077271688597551,0.4174800111504737,10.119999773800371,0
18:09:19.068428,83,-1.841507623874804,0.9430650477342378,1.050899087740703,0.4174800111504737,5.239999882876873,0
18:09:19.068428,83,-1.612856627999579,0.9330172562703604,1.2115120493088989,0.4174800111504737,5.639999873936176,0
18:09:19.068428,83,-1.6632770810928563,0.962184853680023,1.1868626669383502,0.4174800111504737,11.519999742507936,0
18:09:19.068428,83,-1.7136975341861336,0.9913524510896858,1.1622132845678017,0.4174800111504737,14.119999684393406,0
18:09:19.068428,83,-1.7674924526211122,0.9512273109069962,1.0680630396120383,0.4174800111504737,10.519999764859676,0
18:09:19.068428,83,-1.818009351684956,0.978414444849548,1.0414272453307287,0.4174800111504737,5.359999880194664,0
18:09:19.068428,83,-1.6401488645068223,0.9940945609916444,1.1783124866334878,0.4174800111504737,10.87999975681305,0
18:09:19.068428,83,-1.6940964037704498,0.956989699541814,1.0858700359277509,0.4174800111504737,13.639999695122242,0
18:09:19.068428,83,-1.7439401518985953,0.985146275188294,1.0589744805247645,0.4174800111504737,10.639999762177467,0
18:09:19.068428,83,-1.793783900026741,1.0133028508347737,1.0320789251217783,0.4174800111504737,5.519999876618385,0
18:09:19.068428,83,-1.6705396380400643,0.9894906706767416,1.0771614269589198,0.4174800111504737,12.879999712109566,0
18:09:19.068428,83,-1.7196902983987266,1.0186034907350292,1.0500096466380229,0.4174800111504737,10.519999764859676,0
18:09:19.068428,83,-1.7688409587573888,1.047716310793317,1.0228578663171255,0.4174800111504737,5.519999876618385,0
18:09:19.068428,83,-2.6467839696827333,4.171112063436847,-3.0738551206999034,-0.2088800055789761,3.1199999302625656,-1
18:09:19.068428,83,-0.0907167152854476,0.217430302015415,1.907785318881247,-1.600480042747222,3.879999913275242,-1
18:09:19.068428,83,-2.2075964368381245,6.416484609443847,0.2080510692592163,-0.1391600037168245,3.1199999302625656,-1
18:09:19.068428,83,0.0456663187304541,0.1831617633289916,2.1684498793954803,0.7655200204462744,3.2399999275803566,-1
18:09:19.068428,83,2.7172165305629297,4.817832197927345,-2.3198454810563884,-1.878800050180871,2.999999932944774,-1
18:09:19.068428,83,3.233222039642289,6.275829459576284,2.554875526993511,-0.6263600167294499,3.359999924898148,-1
18:09:19.121138,84,-1.9128481100388888,0.7720335673422869,1.3946886913915892,0.5566400148672983,6.7599998489022255,0
18:09:19.121138,84,-1.8849196564860315,0.8270631229097839,1.3799435664174349,0.5566400148672983,7.239999838173389,0
18:09:19.121138,84,-1.87378311191376,0.8052131905248915,1.3202985443421902,0.5566400148672983,7.759999826550484,0
18:09:19.121138,84,-1.9289136070078607,0.828904193804668,1.300300350566004,0.5566400148672983,6.7599998489022255,0
18:09:19.121138,84,-1.7900693633692957,0.8338124743150297,1.3262855979260015,0.4872000130126253,5.759999871253967,0
18:09:19.121138,84,-1.844333387923864,0.8590886013221831,1.305862671527161,0.5566400148672983,8.119999818503857,0
18:09:19.121138,84,-1.8944558340977464,0.8765793592896158,1.2651427453270123,0.5566400148672983,7.1199998408555984,0
18:09:19.121138,84,-1.7701172457907446,0.8682023818061835,1.3170708499859658,0.4872000130126253,5.879999868571758,0
18:09:19.121138,84,-1.8237764433925967,0.8945210018154054,1.296368588429106,0.5566400148672983,8.359999813139439,0
18:09:19.121138,84,-1.8733402246566992,0.9129746868751748,1.255390646692196,0.5566400148672983,7.519999831914902,0
18:09:19.121138,84,-1.9268823707071,0.9390685183007754,1.2341088836570768,0.5566400148672983,5.359999880194664,0
18:09:19.121138,84,-1.7456408595036053,0.8947104721619626,1.2888644122293806,0.4872000130126253,5.999999865889549,0
18:09:19.121138,84,-1.7985580818202136,0.9218326563767932,1.2673071028948533,0.5566400148672983,8.51999980956316,0
18:09:19.121138,84,-1.8514753041368217,0.948954840591624,1.2457497935603257,0.5566400148672983,7.759999826550484,0
18:09:19.121138,84,-1.9081101341169069,0.9057787935394408,1.151474780602821,0.5566400148672983,5.639999873936176,0
18:09:19.121138,84,-1.9611306573383875,0.9309476057047872,1.1278968695091924,0.5566400148672983,3.63999991863966,0
18:09:19.121138,84,-1.7243275534136242,0.9282289097658848,1.2798831739418568,0.4872000130126253,5.879999868571758,0
18:09:19.121138,84,-1.7765986858140137,0.9563671693118674,1.258053608042898,0.4872000130126253,8.51999980956316,0
18:09:19.121138,84,-1.8288698182144023,0.9845054288578494,1.2362240421439392,0.5566400148672983,7.999999821186066,0
18:09:19.121138,84,-1.8858393923282477,0.9424267526393542,1.1416549895577504,0.5566400148672983,5.879999868571758,0
18:09:19.121138,84,-1.9382410800008496,0.9686138990883112,1.1178042166152036,0.5566400148672983,3.63999991863966,0
18:09:19.121138,84,-1.7023245393238364,0.9613289299082032,1.2710140502752687,0.4872000130126253,5.879999868571758,0
18:09:19.121138,84,-1.75392867405292,0.9904705809106926,1.2489156264458463,0.4872000130126253,8.359999813139439,0
18:09:19.121138,84,-1.8172921773458055,1.00211518540418,1.2315055220984412,0.5566400148672983,8.119999818503857,0
18:09:19.121138,84,-1.8628143399605648,0.9786371733903598,1.1319524365599272,0.5566400148672983,5.999999865889549,0
18:09:19.121138,84,-1.914576232108838,1.0058304962753415,1.1078320594539042,0.5566400148672983,3.759999915957451,0
18:09:19.121138,84,-1.6910671313831562,0.9777178893840188,1.2666226418189377,0.4872000130126253,5.759999871253967,0
18:09:19.121138,84,-1.7423300099165782,1.0073563540394417,1.2443910971724232,0.4872000130126253,8.119999818503857,0
18:09:19.121138,84,-1.7879427941692416,0.9862086330913248,1.146757618247002,0.5566400148672983,8.119999818503857,0
18:09:19.121138,84,-1.8390441867274,1.014395572107604,1.1223710025010116,0.5566400148672983,6.239999860525131,0
18:09:19.121138,84,-1.8901455792855584,1.0425825111238831,1.097984386755021,0.5566400148672983,3.759999915957451,0
18:09:19.121138,84,-1.7186111642998003,1.0407875923086365,1.2354332238762198,0.4872000130126253,7.759999826550484,0
18:09:19.121138,84,-1.764117987279411,1.0205200484993486,1.1375639021972532,0.5566400148672983,8.119999818503857,0
18:09:19.121138,84,-1.8145384403726883,1.0496876459090114,1.1129145198267048,0.5566400148672983,6.239999860525131,0
18:09:19.121138,84,-1.8649588934659656,1.0788552433186742,1.0882651374561565,0.5566400148672983,3.879999913275242,0
18:09:19.121138,84,-1.7688409587573888,1.047716310793317,1.0228578663171255,0.5566400148672983,6.359999857842922,0
18:09:19.121138,84,-1.8257834221821396,1.132334002903311,1.0739355470132348,0.5566400148672983,3.879999913275242,0
18:09:19.121138,84,-0.4252214203589247,1.366675793971349,3.518178738291165,-0.2783200074336491,3.2399999275803566,-1
18:09:19.121138,84,-0.3913378494675827,1.2342941104306404,3.554642623851481,-0.2088800055789761,2.999999932944774,-1
18:09:19.121138,84,0.0419072822121431,0.1574163651214805,2.193579115015183,-0.6958000185841229,3.999999910593033,-1
18:09:19.121138,84,2.913862483784196,5.973778478528741,-0.2537111298067893,0.2088800055789761,2.999999932944774,-1
18:09:19.180481,85,-1.919105224349708,0.5395384945932303,1.3840324567930873,0.5566400148672983,10.119999773800371,0
18:09:19.180481,85,-1.97728083203728,0.5558940228860758,1.3653600642180397,0.5566400148672983,14.119999684393406,0
18:09:19.180481,85,-2.035456439724852,0.5722495511789211,1.3466876716429916,0.5566400148672983,13.35999970138073,0
18:09:19.180481,85,-1.897827405799341,0.5948457485331881,1.3692129227642926,0.5566400148672983,11.119999751448631,0
18:09:19.180481,85,-1.9553579993372316,0.6128778566543117,1.350091291978211,0.5566400148672983,16.359999634325504,0
18:09:19.180481,85,-2.013619913259644,0.570034249039834,1.2804409231543823,0.5566400148672983,15.239999659359457,0
18:09:19.180481,85,-1.8748416707596056,0.6495116247397911,1.3545652453811936,0.5566400148672983,12.23999972641468,0
18:09:19.180481,85,-1.9316754764991435,0.6692008700140742,1.3349995860331756,0.5566400148672983,18.879999577999115,0
18:09:19.180481,85,-1.990611776564831,0.6280554614537667,1.264894186144195,0.5566400148672983,17.11999961733818,0
18:09:19.180481,85,-2.050248573302905,0.6184788425580263,1.228456570453792,0.5566400148672983,9.999999776482582,0
18:09:19.180481,85,-1.8585791573224704,0.6855749020334444,1.3449021193539397,0.5566400148672983,13.23999970406294,0
18:09:19.180481,85,-1.9149199824845344,0.7063573667128671,1.3250435327491643,0.5566400148672983,21.239999525249004,0
18:09:19.180481,85,-1.9691366587327217,0.6587085054748962,1.2345110129629138,0.5566400148672983,18.999999575316902,0
18:09:19.180481,85,-2.0254167733575947,0.677535126790435,1.2126324867857352,0.5566400148672983,10.759999759495258,0
18:09:19.180481,85,-1.832793613452272,0.7390627968963703,1.3305700811205778,0.5566400148672983,14.119999684393406,0
18:09:19.180481,85,-1.8883527776271372,0.7614666894933968,1.3102770342146954,0.5566400148672983,23.35999947786331,0
18:09:19.180481,85,-1.9432227682797647,0.7153984912045415,1.2193209770677234,0.5566400148672983,20.359999544918537,0
18:09:19.180481,85,-1.9987622351092704,0.7358453753295697,1.197008302779216,0.5566400148672983,11.639999739825726,0
18:09:19.180481,85,-2.057886611446915,0.6633408601770987,1.1064999342032042,0.5566400148672983,5.879999868571758,0
18:09:19.180481,85,-1.8146854290892336,0.7742959126342331,1.3211293962117852,0.5566400148672983,14.759999670088291,0
18:09:19.180481,85,-1.8696956631605943,0.7977678591830543,1.3005501651120466,0.5566400148672983,24.759999446570877,0
18:09:19.180481,85,-1.924973798282314,0.7527636455308351,1.2093090141409286,0.5566400148672983,21.239999525249004,0
18:09:19.180481,85,-1.9759005582621203,0.7030502821442963,1.115210850352073,0.5566400148672983,12.23999972641468,0
18:09:19.180481,85,-2.0308047692714912,0.7225858913021774,1.0906252759576829,0.5566400148672983,6.239999860525131,0
18:09:19.180481,85,-1.7958513947824897,0.8091721820541802,1.3117843279857002,0.5566400148672983,14.999999664723871,0
18:09:19.180481,85,-1.846772537215712,0.7928409059446855,1.2369403724750692,0.5566400148672983,24.99999944120645,0
18:09:19.180481,85,-1.8961590264651231,0.8081317601806246,1.1944731725340838,0.5566400148672983,21.359999522566795,0
18:09:19.180481,85,-1.9573447083645852,0.741043779595045,1.105030523392511,0.5566400148672983,12.759999714791777,0
18:09:19.180481,85,-2.0117333092669734,0.7616351114168513,1.0801620689628906,0.5566400148672983,6.519999854266644,0
18:09:19.180481,85,-0.2142978499341564,0.088622855141562,1.8988494827463327,4.035640107787913,3.1199999302625656,-1
18:09:19.180481,85,-1.712713786505498,0.8346931925983718,1.3192359357975532,0.5566400148672983,3.879999913275242,0
18:09:19.180481,85,-1.7762990438943091,0.8436776551140778,1.3025386143448467,0.5566400148672983,14.879999667406082,0
18:09:19.180481,85,-1.8271380824409365,0.8283293396171466,1.227431275331888,0.5566400148672983,24.23999945819378,0
18:09:19.180481,85,-1.8759995060582184,0.8445692274307051,1.184709782610189,0.5566400148672983,20.63999953866005,0
18:09:19.180481,85,-1.928045379101279,0.7973429803003184,1.0899451980290151,0.5566400148672983,12.999999709427357,0
18:09:19.180481,85,-1.9816198415848176,0.8194986940857091,1.0646575687155986,0.5566400148672983,6.6399998515844345,0
18:09:19.180481,85,-1.6927236371869971,0.8675882879471318,1.3104217215639082,0.5566400148672983,3.879999913275242,0
18:09:19.180481,85,-1.7536138809537432,0.8380274918718145,1.2410329763737955,0.5566400148672983,14.359999679028988,0
18:09:19.180481,85,-1.8020690876739467,0.8554411692087482,1.1986306027900775,0.5566400148672983,22.51999949663877,0
18:09:19.180481,85,-1.855089610895427,0.8806099813740944,1.1750526916964492,0.5566400148672983,19.35999956727028,0
18:09:19.180481,85,-1.9075468504320403,0.8343931904235907,1.0800176241470811,0.5566400148672983,12.999999709427357,0
18:09:19.180481,85,-1.9605517217290531,0.8575784158137245,1.054454138030575,0.5566400148672983,6.7599998489022255,0
18:09:19.180481,85,-2.0133470876059207,0.8806719999967829,1.0289916933611696,0.5566400148672983,3.2399999275803566,0
18:09:19.180481,85,-1.6720564210132352,0.9000906502199023,1.3017127398408157,0.5566400148672983,3.879999913275242,0
18:09:19.180481,85,-1.733146361159449,0.8717081314937911,1.2320082761865232,0.5566400148672983,13.759999692440031,0
18:09:19.180481,85,-1.781036016983042,0.8900524597414392,1.189356535442844,0.5566400148672983,20.239999547600743,0
18:09:19.180481,85,-1.8334377046556447,0.9162396061903968,1.1655057625002971,0.5566400148672983,17.639999605715275,0
18:09:19.180481,85,-1.8862853284903551,0.8710400159957158,1.070198136829866,0.5566400148672983,12.759999714791777,0
18:09:19.180481,85,-1.938699407359994,0.8952435441722031,1.0443617973041062,0.5566400148672983,6.7599998489022255,0
18:09:19.180481,85,-1.9909063159574203,0.9193514062294156,1.0186275776974203,0.5566400148672983,3.2399999275803566,0
18:09:19.180481,85,-1.6557667713674744,0.869863881850432,1.2284339449840187,0.5566400148672983,3.759999915957451,0
18:09:19.180481,85,-1.7075286635157472,0.8970572047354137,1.204313567877996,0.5566400148672983,12.879999712109566,0
18:09:19.180481,85,-1.75929055566402,0.924250527620396,1.180193190771973,0.5566400148672983,17.879999600350857,0
18:09:19.180481,85,-1.811052447812293,0.9514438505053776,1.1560728136659502,0.5566400148672983,15.75999964773655,0
18:09:19.180481,85,-1.864269317601137,0.9072687987757384,1.0604906637411964,0.5566400148672983,12.23999972641468,0
18:09:19.180481,85,-1.916071639111635,0.93247901361267,1.0343845833377392,0.5566400148672983,6.7599998489022255,0
18:09:19.180481,85,-1.9676692083631988,0.957589583331669,1.0083816890228334,0.5566400148672983,3.2399999275803566,0
18:09:19.180481,85,-1.6346386164947662,0.9016478160424864,1.2199174654849738,0.5566400148672983,3.759999915957451,0
18:09:19.180481,85,-1.6857400090529246,0.9298347550587658,1.1955308497389834,0.5566400148672983,11.879999734461308,0
18:09:19.180481,85,-1.736841401611083,0.9580216940750452,1.1711442339929927,0.5566400148672983,15.639999650418758,0
18:09:19.180481,85,-1.7879427941692416,0.9862086330913248,1.146757618247002,0.5566400148672983,13.999999687075617,0
18:09:19.180481,85,-1.841507623874804,0.9430650477342378,1.050899087740703,0.5566400148672983,11.519999742507936,0
18:09:19.180481,85,-1.892677467789173,0.969269930444481,1.0245264868838548,0.5566400148672983,6.7599998489022255,0
18:09:19.180481,85,-1.9436450593560533,0.995371236543221,0.9982581255560852,0.5566400148672983,3.2399999275803566,0
18:09:19.180481,85,-1.818009351684956,0.978414444849548,1.0414272453307287,0.5566400148672983,10.759999759495258,0
18:09:19.180481,85,-1.868526250748799,1.0056015787921,1.014791451049419,0.5566400148672983,6.519999854266644,0
18:09:19.180481,85,-2.701771760138869,6.298450579916992,0.8159479557235034,-0.2783200074336491,3.1199999302625656,-1
18:09:19.180481,85,-2.2075964368381245,6.416484609443847,0.2080510692592163,-0.2783200074336491,3.999999910593033,-1
18:09:19.180481,85,-0.051351512364147,0.2476446971079034,1.9933567889708008,-0.904680024163099,3.759999915957451,-1
18:09:19.180481,85,-0.1524936621356515,3.6325503862404975,-4.0769211273640025,3.827040102216415,3.359999924898148,-1
18:09:19.180481,85,0.0956549704746085,0.1813926624106823,2.148175013843748,2.0874000557523686,3.759999915957451,-1
18:09:19.229501,86,-2.057886611446915,0.6633408601770987,1.1064999342032042,0.6263600167294499,6.7599998489022255,0
18:09:19.229501,86,-2.113303092114218,0.6812038540609017,1.0824390219804223,0.6263600167294499,5.999999865889549,0
18:09:19.229501,86,-2.0308047692714912,0.7225858913021774,1.0906252759576829,0.6263600167294499,7.35999983549118,0
18:09:19.229501,86,-2.085491967589125,0.7420442846135845,1.066136877746669,0.6263600167294499,6.359999857842922,0
18:09:19.229501,86,-2.0117333092669734,0.7616351114168513,1.0801620689628906,0.6263600167294499,7.879999823868275,0
18:09:19.229501,86,-2.065906935462237,0.7821450545753302,1.0553919088195531,0.6263600167294499,6.8799998462200165,0
18:09:19.229501,86,-1.819798078606299,0.886880855449574,1.276672409727315,0.5566400148672983,3.879999913275242,0
18:09:19.229501,86,-1.9816198415848176,0.8194986940857091,1.0646575687155986,0.6263600167294499,8.359999813139439,0
18:09:19.229501,86,-2.034982547299648,0.8415668358798529,1.0394698905061874,0.6263600167294499,7.239999838173389,0
18:09:19.229501,86,-1.7985580818202136,0.9218326563767932,1.2673071028948533,0.5566400148672983,3.879999913275242,0
18:09:19.229501,86,-1.9075468504320403,0.8343931904235907,1.0800176241470811,0.6263600167294499,3.2399999275803566,0
18:09:19.229501,86,-1.9605517217290531,0.8575784158137245,1.054454138030575,0.6263600167294499,8.759999804198742,0
18:09:19.229501,86,-2.0133470876059207,0.8806719999967829,1.0289916933611696,0.6263600167294499,7.639999829232693,0
18:09:19.229501,86,-1.7765986858140137,0.9563671693118674,1.258053608042898,0.5566400148672983,3.879999913275242,0
18:09:19.229501,86,-1.8862853284903551,0.8710400159957158,1.070198136829866,0.6263600167294499,3.2399999275803566,0
18:09:19.229501,86,-1.938699407359994,0.8952435441722031,1.0443617973041062,0.6263600167294499,8.999999798834324,0
18:09:19.229501,86,-1.9909063159574203,0.9193514062294156,1.0186275776974203,0.6263600167294499,7.759999826550484,0
18:09:19.229501,86,-1.75929055566402,0.924250527620396,1.180193190771973,0.5566400148672983,3.759999915957451,0
18:09:19.229501,86,-1.861442868859176,0.8349077603006427,0.9904089776243444,0.6263600167294499,3.1199999302625656,0
18:09:19.229501,86,-1.916071639111635,0.93247901361267,1.0343845833377392,0.6263600167294499,9.119999796152117,0
18:09:19.229501,86,-1.9676692083631988,0.957589583331669,1.0083816890228334,0.6263600167294499,7.879999823868275,0
18:09:19.229501,86,-1.736841401611083,0.9580216940750452,1.1711442339929927,0.5566400148672983,3.63999991863966,0
18:09:19.229501,86,-1.8397168097887489,0.8706594084393118,0.9808293523775063,0.6263600167294499,3.1199999302625656,0
18:09:19.229501,86,-1.892677467789173,0.969269930444481,1.0245264868838548,0.6263600167294499,8.999999798834324,0
18:09:19.229501,86,-1.9436450593560533,0.995371236543221,0.9982581255560852,0.6263600167294499,7.759999826550484,0
18:09:19.229501,86,-1.868526250748799,1.0056015787921,1.014791451049419,0.6263600167294499,8.759999804198742,0
18:09:19.229501,86,-1.9188434782748407,1.032681253707211,0.9882609365874028,0.6263600167294499,7.519999831914902,0
18:09:19.229501,86,-0.1944844611934236,0.1609652825502479,2.0165824681019267,-2.0874000557523686,3.359999924898148,-1
18:09:19.229501,86,-3.53927051724322,5.961787242370493,0.9107365681183792,-0.0697200018621515,3.759999915957451,-1
18:09:19.229501,86,-3.579755458175574,5.88315341891734,0.3503019297720293,-0.0697200018621515,3.359999924898148,-1
18:09:19.229501,86,1.8884581847036264,6.757645093001404,1.845739754916894,0.4174800111504737,3.2399999275803566,-1
18:09:19.229501,86,0.1187513919847758,0.1746886659774622,2.1392515097269023,-2.017960053897696,3.359999924898148,-1
18:09:19.282917,87,-1.9516142861595351,0.743473801756588,1.490221728913984,0.6263600167294499,3.1199999302625656,0
18:09:19.282917,87,-2.011765403678937,0.7721727277809467,1.496096532799229,0.6263600167294499,6.11999986320734,0
18:09:19.282917,87,-2.085491967589125,0.7420442846135845,1.066136877746669,0.6263600167294499,3.359999924898148,0
18:09:19.282917,87,-1.8786404891199984,1.0097810249441237,1.4097274701234432,0.6263600167294499,5.239999882876873,0
18:09:19.282917,87,-1.8557033313652056,1.045853217956767,1.400061955136486,0.6263600167294499,4.999999888241291,0
18:09:19.282917,87,-1.91133574872337,1.0831564936408946,1.40428008205695,0.6958000185841229,4.119999907910824,0
18:09:19.282917,87,-1.8320239170534285,1.0814751144605697,1.3905170967354268,0.6263600167294499,4.759999893605709,0
18:09:19.282917,87,-1.8869464455853329,1.1198463044928015,1.3944490768687308,0.6958000185841229,3.879999913275242,0
18:09:19.282917,87,-1.938699407359994,0.8952435441722031,1.0443617973041062,0.6958000185841229,3.1199999302625656,0
18:09:19.282917,87,-1.9868312190933708,0.8430451132192556,0.9446406099227298,0.6263600167294499,3.2399999275803566,0
18:09:19.282917,87,-1.811397118944578,1.0766220301301528,1.3239120272162708,0.6958000185841229,4.519999898970127,0
18:09:19.282917,87,-1.8618023890617503,1.1560576438926482,1.3847462777196924,0.6958000185841229,3.63999991863966,0
18:09:19.282917,87,-1.916071639111635,0.93247901361267,1.0343845833377392,0.6958000185841229,2.999999932944774,0
18:09:19.282917,87,-1.964685993381294,0.8812151099933199,0.9344129901120208,0.6263600167294499,3.2399999275803566,0
18:09:19.282917,87,-1.9417549195024577,0.9189496886437988,0.9243020402358963,0.6263600167294499,3.1199999302625656,0
18:09:19.282917,87,-4.436412681380523,5.3904368902432,0.4816727125880176,0.1391600037168245,2.999999932944774,-1
18:09:19.282917,87,-4.291521132394376,4.832297212760743,-0.8947188173513068,-4.313960115221562,2.999999932944774,-1
18:09:19.282917,87,-0.1442518424450308,0.1854528096578805,2.093849173793597,0.4174800111504737,3.2399999275803566,-1
18:09:19.282917,87,-0.5716052399526268,1.1688458139990918,3.631119117757539,0.2783200074336491,3.1199999302625656,-1
18:09:19.282917,87,0.642105204334406,6.85429230075614,0.0894338375051457,-1.0438400278799236,3.2399999275803566,-1
18:09:19.282917,87,0.030568149414707,0.1139403966787376,1.776187175687851,-1.3916000371682458,3.2399999275803566,-1
18:09:19.282917,87,0.1772455427620066,0.1142346852397657,1.8602020731924036,-1.1132800297345966,4.119999907910824,-1
18:09:19.342338,88,-2.0399062676035835,0.5793696073983668,1.3671629414772066,0.6263600167294499,12.23999972641468,0
18:09:19.342338,88,-2.0952879816005416,0.6581667260776792,1.4017530697588547,0.6263600167294499,17.759999603033066,0
18:09:19.342338,88,-2.017289083891558,0.6381582618841013,1.3514105689836418,0.6263600167294499,12.639999717473984,0
18:09:19.342338,88,-2.0706313925970377,0.7185307888075833,1.3855785678985153,0.6263600167294499,18.23999959230423,0
18:09:19.342338,88,-2.131934027545735,0.7459578486687783,1.3903566943417598,0.6958000185841229,11.759999737143517,0
18:09:19.342338,88,-1.9928564762481085,0.6962651661241633,1.3358408709178446,0.6263600167294499,12.639999717473984,0
18:09:19.342338,88,-2.0441113751869184,0.7781533038496015,1.3696027631422942,0.6263600167294499,18.11999959498644,0
18:09:19.342338,88,-2.104628864623025,0.8073455341256814,1.3739079135983667,0.6958000185841229,11.639999739825726,0
18:09:19.342338,88,-1.9149199824845344,0.7063573667128671,1.3250435327491643,0.6263600167294499,3.879999913275242,0
18:09:19.342338,88,-1.9623404475485668,0.7461378244981015,1.300094449233875,0.6263600167294499,12.519999720156193,0
18:09:19.342338,88,-2.0254078429938462,0.817463150442089,1.359069721493246,0.6958000185841229,17.519999608397484,0
18:09:19.342338,88,-2.0816877094713253,0.8401779419919899,1.341260236544074,0.6958000185841229,11.239999748766422,0
18:09:19.342338,88,-1.9439119418020023,0.783870582090423,1.2899839873088133,0.6263600167294499,11.9999997317791,0
18:09:19.342338,88,-1.9958359660780691,0.875730868018791,1.3434569336237636,0.6958000185841229,16.359999634325504,0
18:09:19.342338,88,-2.051294120874088,0.9000647405732944,1.3252136172269282,0.6958000185841229,10.759999759495258,0
18:09:19.342338,88,-1.9247058972319548,0.8212398057318754,1.279970934012308,0.6263600167294499,11.359999746084211,0
18:09:19.342338,88,-1.9751218288214465,0.9140886526547176,1.3331789962071203,0.6958000185841229,15.119999662041664,0
18:09:19.342338,88,-2.030004401330159,0.9394883702957548,1.3146500874800913,0.6958000185841229,10.119999773800371,0
18:09:19.342338,88,-1.9047299959998325,0.8582305482319198,1.2700592944319935,0.6263600167294499,10.639999762177467,0
18:09:19.342338,88,-1.9536176692032177,0.9520386262730348,1.3230103314233097,0.6958000185841229,13.639999695122242,0
18:09:19.342338,88,-2.007902707128359,0.978492857184301,1.304198866717115,0.6958000185841229,9.519999787211418,0
18:09:19.342338,88,-1.8733402246566992,0.9129746868751748,1.255390646692196,0.6263600167294499,9.759999781847,0
18:09:19.342338,88,-1.9313320886001264,0.9895656093909676,1.312955006602483,0.6958000185841229,12.11999972909689,0
18:09:19.342338,88,-1.9849978786512883,1.0170625999649283,1.29386413528677,0.6958000185841229,8.759999804198742,0
18:09:19.342338,88,-2.036642030413407,0.9168899995039628,1.114896182883407,0.6958000185841229,5.639999873936176,0
18:09:19.342338,88,-2.099346804224349,0.8434963593056487,1.0196018525655823,0.5566400148672983,3.359999924898148,0
18:09:19.342338,88,-1.8020690876739467,0.8554411692087482,1.1986306027900775,0.6263600167294499,3.519999921321869,0
18:09:19.342338,88,-1.8514753041368217,0.948954840591624,1.2457497935603257,0.6263600167294499,8.879999801516533,0
18:09:19.342338,88,-1.9085558280062775,0.984247654754809,1.245025987075471,0.6958000185841229,10.759999759495258,0
18:09:19.342338,88,-1.9573097487700384,1.0031992090212851,1.2026351748912707,0.6958000185841229,8.119999818503857,0
18:09:19.342338,88,-2.0139416132744072,0.9560169363991244,1.104412151740045,0.6958000185841229,5.519999876618385,0
18:09:19.342338,88,-2.066351958902934,0.9038572253869164,1.0034282072446636,0.5566400148672983,3.519999921321869,0
18:09:19.342338,88,-1.781036016983042,0.8900524597414392,1.189356535442844,0.6263600167294499,3.359999924898148,0
18:09:19.342338,88,-1.8288698182144023,0.9845054288578494,1.2362240421439392,0.6263600167294499,7.999999821186066,0
18:09:19.342338,88,-1.885253420566249,1.0208942588293843,1.2352065591083454,0.6958000185841229,9.519999787211418,0
18:09:19.342338,88,-1.9334120830151809,1.0407819479498144,1.1925649103460216,0.6958000185841229,7.35999983549118,0
18:09:19.342338,88,-1.990435646378304,0.9946975390295656,1.094047715502469,0.6958000185841229,5.519999876618385,0
18:09:19.342338,88,-2.039138013935267,0.8652397452322078,0.9168564345127872,0.5566400148672983,3.63999991863966,0
18:09:19.342338,88,-1.75929055566402,0.924250527620396,1.180193190771973,0.6263600167294499,3.2399999275803566,0
18:09:19.342338,88,-1.8055328087820035,1.019612231913182,1.2268172026164244,0.6263600167294499,7.239999838173389,0
18:09:19.342338,88,-1.86119693692808,1.0570833959052153,1.2255097090540974,0.6958000185841229,8.359999813139439,0
18:09:19.342338,88,-1.9087410782401704,1.0778955339181604,1.1826203549575802,0.6958000185841229,6.7599998489022255,0
18:09:19.342338,88,-1.9676692083631988,0.957589583331669,1.0083816890228334,0.5566400148672983,5.359999880194664,0
18:09:19.342338,88,-2.0164097765577216,0.9044146337007404,0.9063595547840646,0.5566400148672983,3.63999991863966,0
18:09:19.342338,88,-1.736841401611083,0.9580216940750452,1.1711442339929927,0.6263600167294499,3.1199999302625656,0
18:09:19.342338,88,-1.9436450593560533,0.995371236543221,0.9982581255560852,0.5566400148672983,5.239999882876873,0
18:09:19.342338,88,-1.992875002190712,0.9431426409046604,0.8959824165293075,0.5566400148672983,3.63999991863966,0
18:09:19.342338,88,-1.9685431044297712,0.9814082761581456,0.8857291704652723,0.5566400148672983,3.63999991863966,0
18:09:19.342338,88,-0.4528411285896314,1.353952690611789,3.521587883561577,-0.2088800055789761,2.999999932944774,-1
18:09:19.342338,88,0.1565640313434826,0.0768999275670221,1.816743045670314,-3.33984008920379,4.519999898970127,-1
18:09:19.397192,89,-2.0982090563184173,0.7440944505482207,-0.4745068591128643,0.5566400148672983,14.119999684393406,0
18:09:19.397192,89,-2.1487564424649044,0.7862970714953433,-0.4876919481140235,0.5566400148672983,11.519999742507936,0
18:09:19.397192,89,-2.0128885928751217,0.782570022474588,-0.4829421681966038,0.5566400148672983,8.51999980956316,0
18:09:19.397192,89,-2.0704191864130124,0.8049367436320746,-0.4967451922085492,0.5566400148672983,15.239999659359457,0
18:09:19.397192,89,-2.132601812817126,0.8291120802676154,-0.4876919481140235,0.5566400148672983,12.11999972909689,0
18:09:19.397192,89,-1.9885092822386807,0.8425954912372079,-0.4829421681966038,0.5566400148672983,8.759999804198742,0
18:09:19.397192,89,-2.0453430879782184,0.8666778070170331,-0.4967451922085492,0.5566400148672983,16.119999639689922,0
18:09:19.397192,89,-2.106772583001559,0.8927074645086858,-0.4876919481140235,0.5566400148672983,12.519999720156193,0
18:09:19.397192,89,-1.9623404475485668,0.9018626809650988,-0.4829421681966038,0.5566400148672983,8.879999801516533,0
18:09:19.397192,89,-2.027601632808662,0.9074086110169852,-0.4967451922085492,0.5566400148672983,16.359999634325504,0
18:09:19.397192,89,-2.074512190257511,0.9534151568539758,-0.5105482162204946,0.5566400148672983,12.639999717473984,0
18:09:19.397192,89,-1.9439119418020023,0.940926506121617,-0.4829421681966038,0.5566400148672983,8.759999804198742,0
18:09:19.397192,89,-1.9994711059768675,0.9678192316128924,-0.4967451922085492,0.5566400148672983,15.999999642372131,0
18:09:19.397192,89,-2.055030270151733,0.9947119571041676,-0.5105482162204946,0.5566400148672983,12.359999723732471,0
18:09:19.397192,89,-1.9247058972319548,0.97961397323803,-0.4829421681966038,0.5566400148672983,8.639999806880951,0
18:09:19.397192,89,-1.979716131303316,1.0076124295449913,-0.4967451922085492,0.5566400148672983,15.239999659359457,0
18:09:19.397192,89,-2.0347263653746763,1.0356108858519526,-0.5105482162204946,0.5566400148672983,11.759999737143517,0
18:09:19.397192,89,-1.9047299959998325,1.0179096078440089,-0.4829421681966038,0.5566400148672983,8.239999815821648,0
18:09:19.397192,89,-1.9591692966085037,1.0470025959579417,-0.4967451922085492,0.5566400148672983,14.119999684393406,0
18:09:19.397192,89,-2.0136085972171744,1.0760955840718749,-0.5105482162204946,0.5566400148672983,10.99999975413084,0
18:09:19.397192,89,-2.0678327227246256,1.1050735801379266,-0.5242966828252782,0.4872000130126253,5.119999885559082,0
18:09:19.397192,89,-1.883992228199428,1.0557980921969978,-0.4829421681966038,0.5566400148672983,7.879999823868275,0
18:09:19.397192,89,-1.9378388203519872,1.0859739753110782,-0.4967451922085492,0.5566400148672983,12.759999714791777,0
18:09:19.397192,89,-1.9804245167575003,1.1360105731337755,-0.5105482162204946,0.5566400148672983,10.119999773800371,0
18:09:19.397192,89,-2.0337550337721284,1.1666020098114536,-0.5242966828252782,0.4872000130126253,5.119999885559082,0
18:09:19.397192,89,-1.8599317127009984,1.0668935236140926,-0.54750497585368,0.5566400148672983,7.35999983549118,0
18:09:19.397192,89,-1.913090628574626,1.0973865264919014,-0.5631532766773335,0.5566400148672983,11.359999746084211,0
18:09:19.397192,89,-1.9573097487700384,1.1753892275394042,-0.5105482162204946,0.5566400148672983,9.239999793469906,0
18:09:19.397192,89,-2.0139416132744072,1.1552366409297306,-0.6176360417642871,0.4872000130126253,4.999999888241291,0
18:09:19.397192,89,-1.8334377046556447,1.1010025003814587,-0.5689192759310583,0.5566400148672983,6.8799998462200165,0
18:09:19.397192,89,-1.8858393923282477,1.1324703757312675,-0.5851796212553418,0.5566400148672983,10.119999773800371,0
18:09:19.397192,89,-1.9433002213911008,1.1669763293895488,-0.578801577500987,0.5566400148672983,8.239999815821648,0
18:09:19.397192,89,-1.990435646378304,1.195281747476934,-0.6176360417642871,0.4872000130126253,4.8799998909235,0
18:09:19.397192,89,-2.255668555303706,1.0094749567978751,-1.133367524184678,0.5566400148672983,3.1199999302625656,1
18:09:19.397192,89,-1.811052447812293,1.1374486159700956,-0.5689192759310583,0.5566400148672983,6.359999857842922,0
18:09:19.397192,89,-1.8628143399605648,1.1699581618174109,-0.5851796212553418,0.5566400148672983,8.999999798834324,0
18:09:19.397192,89,-1.914576232108838,1.202467707664726,-0.6014399665796253,0.5566400148672983,7.519999831914902,0
18:09:19.397192,89,-1.9661335317980264,1.234848757283396,-0.6176360417642871,0.4872000130126253,4.759999893605709,0
18:09:19.397192,89,-2.224373875031275,1.0766806322518905,-1.133367524184678,0.5566400148672983,3.359999924898148,1
18:09:19.397192,89,-1.7879427941692416,1.1734397672984618,-0.5689192759310583,0.5566400148672983,5.999999865889549,0
18:09:19.397192,89,-1.9410449900549496,1.273921844073454,-0.6176360417642871,0.4872000130126253,4.519999898970127,0
18:09:19.397192,89,-1.994814903270422,1.2528623638605043,-0.7286789683899209,0.4872000130126253,2.999999932944774,0
18:09:19.397192,89,-2.2023968384867607,1.1209498140467753,-1.133367524184678,0.5566400148672983,3.519999921321869,1
18:09:19.397192,89,-1.969360377338684,1.2925054372250628,-0.7286789683899209,0.4872000130126253,2.999999932944774,0
18:09:19.397192,89,-2.171130066778636,1.0778379650558665,-1.23128462139284,0.5566400148672983,3.759999915957451,1
18:09:19.397192,89,-1.943118133549011,1.3316315256710172,-0.7286789683899209,0.4872000130126253,3.1199999302625656,0
18:09:19.397192,89,-2.1491405335278606,1.121042110240985,-1.23128462139284,0.5566400148672983,3.999999910593033,1
18:09:19.397192,89,-2.0027589749413144,1.3432697046872608,-1.2554621672618815,0.5566400148672983,4.639999896287918,1
18:09:19.397192,89,-2.057221437166546,1.263548378499375,-1.3823205810771098,0.4174800111504737,3.1199999302625656,1
18:09:19.397192,89,-1.926616787121284,1.2644525102959818,-1.3194652419303614,0.5566400148672983,3.1199999302625656,1
18:09:19.397192,89,-0.0777720422622196,0.0961738090509982,0.2207059445858097,-0.974120026017772,3.2399999275803566,-1
18:09:19.397192,89,0.2672704596173984,4.449161067444984,-5.502833752814837,2.5048800669028424,2.999999932944774,-1
18:09:19.397192,89,0.0605717298177959,0.1712338606528796,-0.1761222206120482,3.131240083632292,3.999999910593033,-1
18:09:19.397192,89,5.175588472501827,3.178853916288604,3.6408541245116255,-3.96620010593324,3.359999924898148,-1
18:09:19.397192,89,5.469623106678954,2.5137579796718983,3.6083350221497863,-3.96620010593324,4.239999905228615,-1
18:09:19.397192,89,6.010018064851845,1.8643618281400385,2.9624090583551625,-1.5307600408850703,3.1199999302625656,-1
18:09:19.448521,90,-1.9994711059768675,0.9678192316128924,-0.4967451922085492,0.4872000130126253,4.359999902546406,0
18:09:19.448521,90,-2.055030270151733,0.9947119571041676,-0.5105482162204946,0.4872000130126253,5.759999871253967,0
18:09:19.448521,90,-2.110369832887172,1.02149838723777,-0.5242966828252782,0.6263600167294499,4.999999888241291,0
18:09:19.448521,90,-2.0136085972171744,1.0760955840718749,-0.5105482162204946,0.4872000130126253,5.639999873936176,0
18:09:19.448521,90,-1.9296176573271664,1.0561510602641595,-0.5851796212553418,0.4872000130126253,4.239999905228615,0
18:09:19.448521,90,-1.9804245167575003,1.1360105731337755,-0.5105482162204946,0.4872000130126253,5.519999876618385,0
18:09:19.448521,90,-2.036642030413407,1.1147294551497613,-0.6176360417642871,0.6263600167294499,4.8799998909235,0
18:09:19.448521,90,-2.090260181682355,1.1440766510033396,-0.6338963870885707,0.5566400148672983,4.119999907910824,0
18:09:19.448521,90,-1.9081101341169069,1.0945296166144844,-0.5851796212553418,0.4872000130126253,4.119999907910824,0
18:09:19.448521,90,-1.9573097487700384,1.1753892275394042,-0.5105482162204946,0.4872000130126253,5.359999880194664,0
18:09:19.448521,90,-2.0139416132744072,1.1552366409297306,-0.6176360417642871,0.6263600167294499,4.759999893605709,0
18:09:19.448521,90,-2.0669621364958872,1.185650259052022,-0.6338963870885707,0.5566400148672983,4.119999907910824,0
18:09:19.448521,90,-1.8858393923282477,1.1324703757312675,-0.5851796212553418,0.4872000130126253,4.119999907910824,0
18:09:19.448521,90,-1.9334120830151809,1.2142977419466814,-0.5105482162204946,0.4872000130126253,5.239999882876873,0
18:09:19.448521,90,-1.990435646378304,1.195281747476934,-0.6176360417642871,0.6263600167294499,4.759999893605709,0
18:09:19.448521,90,-2.042837334050906,1.2267496228267427,-0.6338963870885707,0.5566400148672983,4.119999907910824,0
18:09:19.448521,90,-1.8628143399605648,1.1699581618174109,-0.5851796212553418,0.4872000130126253,3.999999910593033,0
18:09:19.448521,90,-1.9087410782401704,1.252720553469312,-0.5105482162204946,0.4872000130126253,5.119999885559082,0
18:09:19.448521,90,-1.9661335317980264,1.234848757283396,-0.6176360417642871,0.6263600167294499,4.519999898970127,0
18:09:19.448521,90,-2.0178954239463,1.267358303130711,-0.6338963870885707,0.5566400148672983,3.999999910593033,0
18:09:19.448521,90,-1.8390441867274,1.2069779802589802,-0.5851796212553418,0.4872000130126253,3.879999913275242,0
18:09:19.448521,90,-1.8901455792855584,1.2405161932194988,-0.6014399665796253,0.4872000130126253,4.8799998909235,0
18:09:19.448521,90,-1.9410449900549496,1.273921844073454,-0.6176360417642871,0.6263600167294499,4.359999902546406,0
18:09:19.448521,90,-1.992146382613108,1.307460057033973,-0.6338963870885707,0.5566400148672983,3.999999910593033,0
18:09:19.448521,90,-2.6265707566742607,4.38178349396253,0.358194815947483,0.1391600037168245,2.999999932944774,-1
18:09:19.448521,90,-0.0878272547275667,0.2198909853788507,0.0891253833465305,2.922360078053316,4.239999905228615,-1
18:09:19.448521,90,-0.5288488911730795,0.7730163030901933,1.9349909940290704,0.2088800055789761,2.999999932944774,-1
18:09:19.448521,90,-0.4890292325476038,0.895162029514773,1.8201697761987827,-0.2088800055789761,3.759999915957451,-1
18:09:19.448521,90,-0.4567506349214338,0.8773360216784755,1.7649932900523304,-0.2088800055789761,3.359999924898148,-1
18:09:19.448521,90,0.0569948838653772,0.177926916425359,0.1705948466544764,-0.2088800055789761,3.519999921321869,-1
18:09:19.506191,91,-2.1900302865112824,0.6928039874272723,1.2958716186096697,0.5566400148672983,9.999999776482582,0
18:09:19.506191,91,-2.2430134459291144,0.7783491674913996,1.3344273932106598,0.5566400148672983,9.359999790787697,0
18:09:19.506191,91,-2.163505505732526,0.7558866071456404,1.2789686815996937,0.5566400148672983,10.239999771118164,0
18:09:19.506191,91,-2.2204635591092514,0.7757866395710147,1.2599862754024742,0.5566400148672983,9.759999781847,0
18:09:19.506191,91,-2.074512190257511,0.7887887213797146,1.260086291903593,0.5566400148672983,6.239999860525131,0
18:09:19.506191,91,-2.1350337161178823,0.8181723279980058,1.2622792729973118,0.5566400148672983,10.239999771118164,0
18:09:19.506191,91,-2.191242200007354,0.8397121405873391,1.242857489029395,0.5566400148672983,9.999999776482582,0
18:09:19.506191,91,-2.110369832887172,0.850993706946336,1.229185056262731,0.5566400148672983,9.999999776482582,0
18:09:19.506191,91,-2.165928997062037,0.8733975995433623,1.2088920093568487,0.5566400148672983,9.879999779164793,0
18:09:19.506191,91,-2.221488161236902,0.8958014921403885,1.1885989624509663,0.5566400148672983,5.119999885559082,0
18:09:19.506191,91,-2.0347263653746763,0.8681836988295175,1.2388124718128308,0.5566400148672983,6.11999986320734,0
18:09:19.506191,91,-2.0895191676908142,0.8915628708860508,1.2183145815474783,0.5566400148672983,9.63999978452921,0
18:09:19.506191,91,-2.1445294017621745,0.915034817434872,1.19773535044774,0.5566400148672983,9.519999787211418,0
18:09:19.506191,91,-2.1995396358335357,0.9385067639836928,1.1771561193480014,0.5566400148672983,5.119999885559082,0
18:09:19.506191,91,-2.0136085972171744,0.9072889144096596,1.2283342608782868,0.5566400148672983,5.999999865889549,0
18:09:19.506191,91,-2.0678327227246256,0.931721144205688,1.2075542046420535,0.5566400148672983,9.119999796152117,0
18:09:19.506191,91,-2.122272023333297,0.9562503272945576,1.1866916878652,0.5566400148672983,8.999999798834324,0
18:09:19.506191,91,-2.176711323941968,0.9807795103834276,1.1658291710883468,0.5566400148672983,4.999999888241291,0
18:09:19.506191,91,-1.9804245167575003,0.9651623497263764,1.2128271206219576,0.5566400148672983,5.759999871253967,0
18:09:19.506191,91,-2.0337550337721284,0.9911530434783584,1.1916294752272936,0.5566400148672983,8.51999980956316,0
18:09:19.506191,91,-2.087297179822529,1.0172468749039592,1.1703477121921746,0.5566400148672983,8.359999813139439,0
18:09:19.506191,91,-2.1494742228134105,0.9744597743420228,1.0911378975761574,0.5566400148672983,4.8799998909235,0
18:09:19.506191,91,-1.9573097487700384,1.0031992090212851,1.2026351748912707,0.5566400148672983,5.519999876618385,0
18:09:19.506191,91,-2.0100178121051577,1.0302141909269664,1.181163072313006,0.5566400148672983,7.879999823868275,0
18:09:19.506191,91,-2.062935034421766,1.057336375141797,1.1596057629784786,0.5566400148672983,7.759999826550484,0
18:09:19.506191,91,-2.119982659717368,1.0063545607298172,1.057256329552788,0.5566400148672983,4.759999893605709,0
18:09:19.506191,91,-1.9382410800008496,0.9686138990883112,1.1178042166152036,0.5566400148672983,5.239999882876873,0
18:09:19.506191,91,-1.9854766101491648,1.0688089890786188,1.1708216273162286,0.5566400148672983,7.239999838173389,0
18:09:19.506191,91,-2.037747742549554,1.0969472486246012,1.1489920614172695,0.5566400148672983,6.999999843537808,0
18:09:19.506191,91,-2.095239021723509,1.04707183192748,1.0463461696173757,0.5566400148672983,4.519999898970127,0
18:09:19.506191,91,-1.914576232108838,1.0058304962753415,1.1078320594539042,0.5566400148672983,4.8799998909235,0
18:09:19.506191,91,-1.972907571655354,1.0879266755235162,1.165699058672167,0.5566400148672983,6.519999854266644,0
18:09:19.506191,91,-2.0178954239463,1.0601096585556418,1.0596866427007756,0.5566400148672983,6.359999857842922,0
18:09:19.506191,91,-2.069657316094572,1.0873029814406237,1.0355662655947528,0.5566400148672983,4.239999905228615,0
18:09:19.506191,91,-0.2046793756574741,0.1048195308409718,1.8945095965726075,1.1132800297345966,4.239999905228615,-1
18:09:19.506191,91,-1.8901455792855584,1.0425825111238831,1.097984386755021,0.5566400148672983,4.639999896287918,0
18:09:19.506191,91,-2.0432477751712663,1.12703191734657,1.0249209293026067,0.5566400148672983,3.999999910593033,0
18:09:19.506191,91,-0.5193279108811537,1.1593444974078804,3.574725312133955,-0.2783200074336491,3.519999921321869,-1
18:09:19.506191,91,-0.5281908823235865,1.2007250219673624,3.622577109727097,-0.2783200074336491,3.519999921321869,-1
18:09:19.506191,91,0.0938161483468034,0.0734033400084378,1.7767972086520756,3.618160096637439,4.8799998909235,-1
18:09:19.506191,91,4.74832397099559,4.424985354446529,4.832061279911315,0.5566400148672983,3.359999924898148,-1
18:09:19.506191,91,5.066295129502644,3.101287783012452,5.737713938929606,2.15712005761452,3.1199999302625656,-1
18:09:19.560834,92,-2.2097533196741783,0.6212514897005684,1.29074429784107,0.4872000130126253,11.879999734461308,0
18:09:19.560834,92,-2.1852529798384457,0.6849350159841767,1.2736803484022108,0.4872000130126253,12.359999723732471,0
18:09:19.560834,92,6.001842555801902,1.697825663996582,-1.2173143600824936,0.2088800055789761,3.1199999302625656,-1
18:09:19.560834,92,-2.158786059908916,0.7478800280073559,1.256814283263033,0.4872000130126253,12.639999717473984,0
18:09:19.560834,92,-2.2156198656484536,0.7675692732816392,1.237248623915015,0.4174800111504737,10.87999975681305,0
18:09:19.560834,92,-2.0816968879824684,0.6963617481059737,1.190753960608557,0.4872000130126253,7.639999829232693,0
18:09:19.560834,92,-2.140060592124244,0.78940508130139,1.2456876787672369,0.4872000130126253,12.639999717473984,0
18:09:19.560834,92,-2.194034666186267,0.7339405772140649,1.1470833846422523,0.4174800111504737,10.87999975681305,0
18:09:19.560834,92,-2.109621645183975,0.7766583258558115,1.1524711465906938,0.4174800111504737,12.519999720156193,0
18:09:19.560834,92,-2.16516111201348,0.7971052099808396,1.1301584723021867,0.4174800111504737,10.639999762177467,0
18:09:19.560834,92,-2.2245758667874536,0.7170716116212364,1.0341262379140428,0.4174800111504737,6.11999986320734,0
18:09:19.560834,92,-2.0350095802446786,0.7957932890733795,1.1641113595041586,0.4872000130126253,7.519999831914902,0
18:09:19.560834,92,-2.0898100092061727,0.8172230720234216,1.1416018556139094,0.4174800111504737,11.9999997317791,0
18:09:19.560834,92,-2.1448279001873547,0.8387378937946937,1.119003028295524,0.4174800111504737,10.239999771118164,0
18:09:19.560834,92,-2.004547692008656,0.8543263682524044,1.148427468207632,0.4872000130126253,7.35999983549118,0
18:09:19.560834,92,-2.0585278179315223,0.877332378596453,1.1254956154600708,0.4174800111504737,11.359999746084211,0
18:09:19.560834,92,-2.1127221507032883,0.9004296826323428,1.1024727632968447,0.4174800111504737,9.759999781847,0
18:09:19.560834,92,-2.1746841372670125,0.8233277182189429,1.0056549999603122,0.4174800111504737,6.11999986320734,0
18:09:19.560834,92,-1.9832358085961144,0.8928466821392386,1.1381059812094612,0.4872000130126253,7.1199998408555984,0
18:09:19.560834,92,-2.036642030413407,0.9168899995039628,1.114896182883407,0.4174800111504737,10.639999762177467,0
18:09:19.560834,92,-2.090260181682355,0.9410287268582292,1.091594282183043,0.4174800111504737,9.119999796152117,0
18:09:19.560834,92,-2.1421314722667257,0.8858782634506339,0.988894631879354,0.4174800111504737,5.879999868571758,0
18:09:19.560834,92,-1.9611306573383875,0.9309476057047872,1.1278968695091924,0.4872000130126253,6.8799998462200165,0
18:09:19.560834,92,-2.0139416132744072,0.9560169363991244,1.104412151740045,0.4174800111504737,9.879999779164793,0
18:09:19.560834,92,-2.0669621364958872,0.9811857485644706,1.0808342406464164,0.4174800111504737,8.51999980956316,0
18:09:19.560834,92,-2.1193568301999477,0.9270424507770504,0.9778647211281573,0.4174800111504737,5.759999871253967,0
18:09:19.560834,92,-1.9382410800008496,0.9686138990883112,1.1178042166152036,0.4872000130126253,6.519999854266644,0
18:09:19.560834,92,-1.990435646378304,0.9946975390295656,1.094047715502469,0.4872000130126253,8.999999798834324,0
18:09:19.560834,92,-2.042837334050906,1.0208846854785227,1.0701969425599225,0.4174800111504737,7.879999823868275,0
18:09:19.560834,92,-2.0957344736966976,0.96775846258239,0.9669548986459005,0.4174800111504737,5.519999876618385,0
18:09:19.560834,92,-1.914576232108838,1.0058304962753415,1.1078320594539042,0.4872000130126253,6.11999986320734,0
18:09:19.560834,92,-1.9661335317980264,1.03291633567066,1.0838070198067986,0.4872000130126253,8.239999815821648,0
18:09:19.560834,92,-2.0178954239463,1.0601096585556418,1.0596866427007756,0.4174800111504737,7.239999838173389,0
18:09:19.560834,92,-2.071273851384196,1.008010013005532,0.956169528215919,0.4174800111504737,5.239999882876873,0
18:09:19.560834,92,-5.776597639978243,2.285070847108888,-1.3995614339590006,0.2088800055789761,3.359999924898148,-1
18:09:19.560834,92,-1.892677467789173,0.969269930444481,1.0245264868838548,0.4872000130126253,5.879999868571758,0
18:09:19.560834,92,-2.0459847471847907,1.0477810019637068,0.9455129238423888,0.4174800111504737,4.999999888241291,0
18:09:19.560834,92,-0.4905533213422982,1.2253309312795546,3.6159839761978616,-0.2783200074336491,2.999999932944774,-1
18:09:19.560834,92,-0.4213012005661958,1.321220320181491,3.4732355939585826,-0.2783200074336491,2.999999932944774,-1
18:09:19.560834,92,0.1140315301170087,0.158333538194991,1.8389524700519813,1.3221600353135727,3.879999913275242,-1
18:09:19.560834,92,4.492406689559819,5.391555557577296,1.927553145625688,1.1830000315967482,2.999999932944774,-1
18:09:19.560834,92,4.546469700120501,5.424927382091666,2.217768635686491,1.2524400334514212,3.2399999275803566,-1
18:09:19.616594,93,-2.152551961490613,0.5121887543297035,1.2401029655585307,0.2783200074336491,3.999999910593033,0
18:09:19.616594,93,-2.323148403100944,0.7616782835576741,1.3529534042292812,0.4174800111504737,7.759999826550484,0
18:09:19.616594,93,-6.4617350176863,2.6265845478525924,1.223551730157255,4.244520113366889,3.2399999275803566,-1
18:09:19.616594,93,-2.2430134459291144,0.7783491674913996,1.3344273932106598,0.4174800111504737,9.999999776482582,0
18:09:19.616594,93,-2.158786059908916,0.7478800280073559,1.256814283263033,0.2783200074336491,8.239999815821648,0
18:09:19.616594,93,-2.2142856115835894,0.8429353142085247,1.317121587355568,0.4174800111504737,9.879999779164793,0
18:09:19.616594,93,-2.3292874771275285,0.8069477638302054,1.1981173052189789,0.4174800111504737,3.879999913275242,0
18:09:19.616594,93,-2.194024992361154,0.8855177433070096,1.3057116598668734,0.4174800111504737,9.63999978452921,0
18:09:19.616594,93,-2.161991228273256,0.9486363043678564,1.2887990924032051,0.4174800111504737,9.119999796152117,0
18:09:19.616594,93,-2.0895191676908142,0.8915628708860508,1.2183145815474783,0.3480400092958007,7.759999826550484,0
18:09:19.616594,93,-2.139552619183517,0.9901874114369552,1.277665506819421,0.4174800111504737,8.639999806880951,0
18:09:19.616594,93,-2.1944351916922296,1.0155871290779923,1.259136598092392,0.4174800111504737,6.8799998462200165,0
18:09:19.616594,93,-2.0585278179315223,0.877332378596453,1.1254956154600708,0.2783200074336491,7.35999983549118,0
18:09:19.616594,93,-2.116258217611349,1.0312967568293183,1.2666502909201651,0.4174800111504737,8.119999818503857,0
18:09:19.616594,93,-2.1705432555364905,1.0577509877405846,1.2478388262139704,0.4174800111504737,6.519999854266644,0
18:09:19.616594,93,-2.036642030413407,0.9168899995039628,1.114896182883407,0.2783200074336491,6.999999843537808,0
18:09:19.616594,93,-2.091860339711732,1.026010075695469,1.192939107765586,0.3480400092958007,7.519999831914902,0
18:09:19.616594,93,-2.140839325872929,1.04334070632956,1.1490659491570554,0.4174800111504737,6.239999860525131,0
18:09:19.616594,93,-2.0139416132744072,0.9560169363991244,1.104412151740045,0.2783200074336491,6.519999854266644,0
18:09:19.616594,93,-2.0674449348298647,1.0661872178854124,1.1821736749616003,0.3480400092958007,6.8799998462200165,0
18:09:19.616594,93,-2.1158522567383744,1.0844585593566274,1.138048453643951,0.4174800111504737,5.879999868571758,0
18:09:19.616594,93,-2.173003182938848,1.0315233728951634,1.03367841845916,0.4174800111504737,3.759999915957451,0
18:09:19.616594,93,-1.938699407359994,0.8952435441722031,1.0443617973041062,0.2783200074336491,3.359999924898148,0
18:09:19.616594,93,-1.990435646378304,0.9946975390295656,1.094047715502469,0.3480400092958007,6.11999986320734,0
18:09:19.616594,93,-2.037747742549554,1.0969472486246012,1.1489920614172695,0.3480400092958007,6.359999857842922,0
18:09:19.616594,93,-2.090018874949943,1.1250855081705835,1.127162495518311,0.4174800111504737,5.519999876618385,0
18:09:19.616594,93,-2.147640709396112,1.0732589783764372,1.0224953966748285,0.4174800111504737,3.63999991863966,0
18:09:19.616594,93,-1.916071639111635,0.93247901361267,1.0343845833377392,0.2783200074336491,3.2399999275803566,0
18:09:19.616594,93,-1.9661335317980264,1.03291633567066,1.0838070198067986,0.3480400092958007,5.639999873936176,0
18:09:19.616594,93,-2.011745378786365,1.1360636515318248,1.1385108528474688,0.3480400092958007,5.879999868571758,0
18:09:19.616594,93,-2.0633495135154485,1.165205302534314,1.1164124290180468,0.4174800111504737,5.119999885559082,0
18:09:19.616594,93,-2.1214192082428447,1.1144963043256058,1.0114458884887298,0.4174800111504737,3.519999921321869,0
18:09:19.616594,93,-0.1282541848870397,0.0924983563951916,1.802505888179728,-2.852920076198643,3.63999991863966,-1
18:09:19.616594,93,-3.18852110645317,5.590687588818316,-0.7988181754963417,-2.4354400650481693,3.359999924898148,-1
18:09:19.616594,93,-3.252409850474552,5.489892664384951,-1.070920987560393,3.4095600910659414,3.1199999302625656,-1
18:09:19.616594,93,-0.4673760923827606,1.239211303419992,3.612264741692188,0.2088800055789761,3.1199999302625656,-1
18:09:19.616594,93,2.0714427407072966,6.377451717344704,-0.0719730467506787,0.3480400092958007,2.999999932944774,-1
18:09:19.616594,93,0.0889816481508144,0.2285702714456188,2.062023409968895,3.757320100354264,3.63999991863966,-1
18:09:19.666291,94,-2.2115010986470294,0.6946713056130144,1.3685718836224705,0.2088800055789761,3.759999915957451,-1
18:09:19.666291,94,-2.3065948954360134,0.7715938198451422,1.1033263322878957,0.2783200074336491,3.1199999302625656,-1
18:09:19.666291,94,-2.090018874949943,1.1250855081705835,1.127162495518311,0.2783200074336491,3.519999921321869,0
18:09:19.666291,94,-2.147640709396112,1.0732589783764372,1.0224953966748285,0.2783200074336491,2.999999932944774,0
18:09:19.666291,94,-1.9661335317980264,1.03291633567066,1.0838070198067986,0.2088800055789761,3.1199999302625656,0
18:09:19.666291,94,-2.011745378786365,1.1360636515318248,1.1385108528474688,0.2783200074336491,3.519999921321869,0
18:09:19.666291,94,-2.0633495135154485,1.165205302534314,1.1164124290180468,0.2783200074336491,3.359999924898148,0
18:09:19.666291,94,-2.1214192082428447,1.1144963043256058,1.0114458884887298,0.2783200074336491,2.999999932944774,0
18:09:19.666291,94,0.0961118438708618,0.1323188816256109,2.193036869829625,2.0874000557523686,4.999999888241291,-1
18:09:19.724047,95,-2.158786059908916,0.7478800280073559,1.256814283263033,0.2783200074336491,5.359999880194664,0
18:09:19.724047,95,-2.2156198656484536,0.7675692732816392,1.237248623915015,0.2088800055789761,8.119999818503857,0
18:09:19.724047,95,-2.1964014172863084,0.8101875459808126,1.2258290921624615,0.2088800055789761,8.119999818503857,0
18:09:19.724047,95,-2.165928997062037,0.8733975995433623,1.2088920093568487,0.2088800055789761,8.119999818503857,0
18:09:19.724047,95,-2.220700578842985,0.8175520941058679,1.107845798013679,0.2088800055789761,7.35999983549118,0
18:09:19.724047,95,-2.1445294017621745,0.915034817434872,1.19773535044774,0.2088800055789761,7.879999823868275,0
18:09:19.724047,95,-2.1998457911685367,0.8602527155659659,1.096404200977139,0.2088800055789761,7.239999838173389,0
18:09:19.724047,95,-2.0585278179315223,0.877332378596453,1.1254956154600708,0.2088800055789761,5.119999885559082,0
18:09:19.724047,95,-2.1127221507032883,0.9004296826323428,1.1024727632968447,0.2088800055789761,7.639999829232693,0
18:09:19.724047,95,-2.166916483475055,0.9235269866682329,1.0794499111336189,0.2088800055789761,7.1199998408555984,0
18:09:19.724047,95,-2.221110816246821,0.9466242907041228,1.0564270589703926,0.2088800055789761,4.359999902546406,0
18:09:19.724047,95,-2.036642030413407,0.9168899995039628,1.114896182883407,0.2088800055789761,4.999999888241291,0
18:09:19.724047,95,-2.090260181682355,0.9410287268582292,1.091594282183043,0.2088800055789761,7.1199998408555984,0
18:09:19.724047,95,-2.143878332951304,0.9651674542124958,1.068292381482679,0.2088800055789761,6.8799998462200165,0
18:09:19.724047,95,-2.197496484220251,0.9893061815667624,1.044990480782315,0.2088800055789761,4.359999902546406,0
18:09:19.724047,95,-2.0139416132744072,0.9560169363991244,1.104412151740045,0.2088800055789761,4.759999893605709,0
18:09:19.724047,95,-2.0669621364958872,0.9811857485644706,1.0808342406464164,0.2088800055789761,6.7599998489022255,0
18:09:19.724047,95,-2.119982659717368,1.0063545607298172,1.057256329552788,0.2088800055789761,6.6399998515844345,0
18:09:19.724047,95,-2.1723617014969605,0.9502276761671844,0.9523012350116512,0.2088800055789761,4.239999905228615,0
18:09:19.724047,95,-1.990435646378304,0.9946975390295656,1.094047715502469,0.2088800055789761,4.519999898970127,0
18:09:19.724047,95,-2.042837334050906,1.0208846854785227,1.0701969425599225,0.2088800055789761,6.239999860525131,0
18:09:19.724047,95,-2.095239021723509,1.04707183192748,1.0463461696173757,0.2088800055789761,6.239999860525131,0
18:09:19.724047,95,-2.1481485525663366,0.9919619907588774,0.9411185591201404,0.2088800055789761,4.239999905228615,0
18:09:19.724047,95,-1.9661335317980264,1.03291633567066,1.0838070198067986,0.2088800055789761,4.239999905228615,0
18:09:19.724047,95,-2.0178954239463,1.0601096585556418,1.0596866427007756,0.2088800055789761,5.759999871253967,0
18:09:19.724047,95,-2.069657316094572,1.0873029814406237,1.0355662655947528,0.2088800055789761,5.879999868571758,0
18:09:19.724047,95,-2.123076172894694,1.0332202278424636,0.930063447812462,0.2088800055789761,4.119999907910824,0
18:09:19.724047,95,-2.0459847471847907,1.0477810019637068,0.9455129238423888,0.2088800055789761,5.519999876618385,0
18:09:19.724047,95,-2.097154591099159,1.0739858846739498,0.9191403229855408,0.2088800055789761,3.999999910593033,0
18:09:19.724047,95,-0.1712052777891259,0.0368687621020893,1.817411793045836,-2.2962800613313448,3.63999991863966,-1
18:09:19.724047,95,0.0087799886103072,0.179371041223443,1.8217924034981965,-2.7137600724818185,3.759999915957451,-1
18:09:19.724047,95,0.1395423197104414,0.1895649796419751,2.09274732116722,1.1132800297345966,3.63999991863966,-1
18:09:19.777178,96,-2.1998457911685367,0.8602527155659659,1.096404200977139,0.1391600037168245,3.879999913275242,0
18:09:19.777178,96,-2.2290727381694,0.8439190500407491,0.9807865455306916,0.1391600037168245,4.519999898970127,0
18:09:19.777178,96,-2.1421314722667257,0.8858782634506339,0.988894631879354,0.1391600037168245,3.879999913275242,0
18:09:19.777178,96,-2.1957059347502645,0.9080339772360244,0.9636070025659372,0.1391600037168245,4.639999896287918,0
18:09:19.777178,96,-2.1193568301999477,0.9270424507770504,0.9778647211281573,0.1391600037168245,3.759999915957451,0
18:09:19.777178,96,-2.1723617014969605,0.9502276761671844,0.9523012350116512,0.1391600037168245,4.519999898970127,0
18:09:19.777178,96,-2.0957344736966976,0.96775846258239,0.9669548986459005,0.1391600037168245,3.759999915957451,0
18:09:19.777178,96,-2.1481485525663366,0.9919619907588774,0.9411185591201404,0.1391600037168245,4.519999898970127,0
18:09:19.777178,96,-2.071273851384196,1.008010013005532,0.956169528215919,0.1391600037168245,3.63999991863966,0
18:09:19.777178,96,-2.123076172894694,1.0332202278424636,0.930063447812462,0.1391600037168245,4.359999902546406,0
18:09:19.777178,96,-2.0459847471847907,1.0477810019637068,0.9455129238423888,0.1391600037168245,3.519999921321869,0
18:09:19.777178,96,-2.09511516756722,0.9915285454263838,0.8393431691161299,0.1391600037168245,4.359999902546406,0
18:09:19.777178,96,-0.4528411285896314,1.353952690611789,3.521587883561577,-0.2088800055789761,2.999999932944774,-1
18:09:19.777178,96,0.2102528345144555,6.676805571002076,-0.1521846700893157,-3.131240083632292,2.999999932944774,-1
18:09:19.777178,96,0.0219192511946116,0.1784811786112861,1.8220308414664983,-1.600480042747222,4.239999905228615,-1
18:09:19.777178,96,0.1697793817103026,0.1485704647745866,2.1145023345755862,-1.8090800483187195,3.759999915957451,-1
18:09:19.830799,97,-2.242783573376336,0.7029671241053002,1.2545587176161297,0.1391600037168245,3.359999924898148,-1
18:09:19.830799,97,-2.300314166914226,0.7209992322264236,1.2354370868300486,0.1391600037168245,3.879999913275242,-1
18:09:19.830799,97,-2.095239021723509,1.04707183192748,1.0463461696173757,0.1391600037168245,3.2399999275803566,-1
18:09:19.830799,97,-2.069657316094572,1.0873029814406237,1.0355662655947528,0.1391600037168245,3.1199999302625656,-1
18:09:19.830799,97,-0.1990269779147895,0.1561728276676147,1.9972951819032967,1.2524400334514212,3.879999913275242,-1
18:09:19.830799,97,-0.4977292797143544,1.174081629488079,3.570776509494315,-0.2088800055789761,3.1199999302625656,-1
18:09:19.830799,97,-0.4905533213422982,1.2253309312795546,3.6159839761978616,-0.2088800055789761,3.359999924898148,-1
18:09:19.830799,97,1.0116345345002429,6.828770732782539,3.265038967483721,2.017960053897696,3.2399999275803566,-1
18:09:19.830799,97,0.0577032729306797,0.2092389929784052,2.1299937775087687,-0.1391600037168245,3.359999924898148,-1
18:09:19.886568,98,-2.2762400456724903,0.8379989782308959,1.0855331237251722,0.1391600037168245,3.1199999302625656,-1
18:09:19.886568,98,-6.097859867326742,2.997904553510225,3.75627761701894,-3.131240083632292,3.359999924898148,-1
18:09:19.886568,98,-2.1481485525663366,0.9919619907588774,0.9411185591201404,0.1391600037168245,2.999999932944774,-1
18:09:19.886568,98,-0.4210520064365743,6.532683914304146,-0.7008152653297328,2.15712005761452,2.999999932944774,-1
18:09:19.886568,98,0.0022556302436172,0.1882143463733727,1.8309459316313947,-3.757320100354264,4.239999905228615,-1
18:09:19.886568,98,3.739330439375984,5.188327433720213,4.890415895198409,2.644040070619667,3.519999921321869,-1
18:09:19.886568,98,0.1570249875821832,0.1267633976548833,1.8474116637146405,4.383680117083713,3.1199999302625656,-1
18:09:19.940284,99,0.1268431777854353,0.0937303922887539,1.802175765157002,2.574600068764994,3.63999991863966,0
18:09:20.101562,100,-1.4259078936724423,4.329090295030184,-3.419724246676079,-3.4095600910659414,2.999999932944774,0
18:09:20.101562,100,-1.0107973277151132,6.944650094970505,2.0772111537494773,-2.15712005761452,2.999999932944774,0
18:09:20.101562,100,0.065038129255315,0.235499044762701,1.93427901598916,-2.7832000743364915,3.63999991863966,0
18:09:20.132911,101,-0.6311043190496838,6.517438196677757,-0.6967301876037091,-1.0438400278799236,3.1199999302625656,0
18:09:20.132911,101,-0.3450992254919288,6.336049155030096,-0.998537205231985,-1.0438400278799236,3.2399999275803566,0
18:09:20.132911,101,0.072168739697156,0.2381813646016677,1.9544992676153403,0.3480400092958007,3.1199999302625656,0
18:09:20.166342,102,-0.1992871031529654,0.037295555652082,1.848663625899024,4.244520113366889,3.1199999302625656,-1
18:09:20.166342,102,-1.3437964284542154,6.887779174652261,2.0924496709215656,-1.3221600353135727,3.1199999302625656,-1
18:09:20.166342,102,-0.0441933589401406,0.1970658208720178,1.8476155672315755,2.992080079915468,3.2399999275803566,-1
18:09:20.166342,102,3.8454139933399927,5.543246773245353,3.934177906058056,-0.8349600223009475,2.999999932944774,-1
18:09:20.166342,102,0.1448472365211417,0.1465673126816823,2.146786603632577,-2.2962800613313448,4.239999905228615,-1
18:09:20.196922,103,-3.2200459310197505,1.6389007759740128,-6.01673883347018,-0.6263600167294499,2.999999932944774,0
18:09:20.196922,103,0.0650234174030963,0.1537948485029784,0.1900739483561529,0.1391600037168245,3.879999913275242,0
18:09:20.196922,103,2.454469926054553,4.28682085065834,4.985437003714703,-0.2783200074336491,3.359999924898148,0
18:09:20.196922,103,2.5682821861970493,0.8249471291605475,-6.547597716714366,0.1391600037168245,3.1199999302625656,0
18:09:20.237132,104,-2.6091448810380595,0.5380294919700446,0.546000986746281,0.4174800111504737,3.879999913275242,0
18:09:20.237132,104,-2.5712266323830955,0.6381199281716485,0.5191818351959825,0.4174800111504737,3.999999910593033,0
18:09:20.237132,104,-2.63467221487259,0.6259653662240778,0.4952493255725732,0.4174800111504737,3.1199999302625656,0
18:09:20.237132,104,-2.5507209282494503,0.6875957905692807,0.5059248178217037,0.4174800111504737,4.119999907910824,0
18:09:20.237132,104,-2.60366834784738,0.7018687839155293,0.4749110660993865,0.4174800111504737,3.1199999302625656,0
18:09:20.237132,104,-2.518052070012597,0.7610421786885107,0.4862449174381731,0.4174800111504737,4.239999905228615,0
18:09:20.237132,104,-2.570321355156186,0.7768397593334451,0.4548226537803825,0.4174800111504737,3.2399999275803566,0
18:09:20.237132,104,-2.4831171349774417,0.8335089896120975,0.4668274939731391,0.4174800111504737,4.239999905228615,0
18:09:20.237132,104,-2.5431855883790506,0.6777764562467732,0.3658546422847972,0.4174800111504737,3.2399999275803566,0
18:09:20.237132,104,-2.4586803416710183,0.7357209190638403,0.3798668012315209,0.4174800111504737,4.239999905228615,0
18:09:20.237132,104,-2.509717198845738,0.7509928854233205,0.3462363592142508,0.4174800111504737,3.2399999275803566,0
18:09:20.237132,104,-2.4236799090292087,0.806466191348431,0.3609106626545448,0.4174800111504737,4.119999907910824,0
18:09:20.237132,104,-2.473990233335252,0.8232066757157954,0.3268867324229916,0.4174800111504737,3.2399999275803566,0
18:09:20.237132,104,-0.3878042235153052,1.3823843374855806,3.513969646742257,0.2783200074336491,2.999999932944774,-1
18:09:20.237132,104,1.724215091854672,6.725121190730858,3.0274556090442752,-3.6878800984995914,2.999999932944774,-1
18:09:20.237132,104,0.0863165701709826,0.0939783560629397,1.7815359883501312,-0.974120026017772,3.879999913275242,-1
18:09:20.270291,105,-0.1945219488383741,0.1481210188312605,-0.065041381297134,-0.4872000130126253,3.359999924898148,-1
18:09:20.270291,105,-4.08134709187114,5.368749798870124,2.160272789852592,1.669920044601895,3.1199999302625656,-1
18:09:20.270291,105,-3.9798906069293616,5.128031870798348,-2.668257414588219,1.7396400464640465,3.2399999275803566,-1
18:09:20.270291,105,2.50940138365029,5.471623233119627,3.6083350221497863,-2.852920076198643,2.999999932944774,-1
18:09:20.270291,105,0.1142344517970712,0.2042239651558566,-0.0961876715549915,-3.131240083632292,3.999999910593033,-1
18:09:20.376456,106,-2.6380637089682466,0.8183511640281856,-1.4030417497287422,0.2783200074336491,3.63999991863966,0
18:09:20.376456,106,-2.60322822202458,0.923190979319194,-1.4030417497287422,0.2783200074336491,3.759999915957451,0
18:09:20.376456,106,-2.656376764646612,0.9420392134837966,-1.4316868080471228,0.2783200074336491,2.999999932944774,0
18:09:20.376456,106,-2.574365282645004,1.0008607054698957,-1.4030417497287422,0.2783200074336491,3.879999913275242,0
18:09:20.376456,106,-2.6269245480185663,1.0212946756509709,-1.4316868080471228,0.2783200074336491,3.1199999302625656,0
18:09:20.376456,106,-2.5431855883790506,1.0776297245820068,-1.4030417497287422,0.2783200074336491,3.999999910593033,0
18:09:20.376456,106,-2.5951082767150657,1.099631041586465,-1.4316868080471228,0.2783200074336491,3.1199999302625656,0
18:09:20.376456,106,-2.509717198845738,1.1534289497231682,-1.4030417497287422,0.2783200074336491,3.999999910593033,0
18:09:20.376456,106,-2.5609565832314685,1.1769778138516351,-1.4316868080471228,0.2783200074336491,3.2399999275803566,0
18:09:20.376456,106,-2.486148231555196,1.203389268265494,-1.4030417497287422,0.2783200074336491,3.999999910593033,0
18:09:20.376456,106,-2.536906422531912,1.2279581421253367,-1.4316868080471228,0.2783200074336491,3.2399999275803566,0
18:09:20.376456,106,-2.4363713029242766,1.2708684165373605,-1.4305919242951022,0.2783200074336491,3.999999910593033,0
18:09:20.376456,106,-2.4989316824330845,1.3035013778388285,-1.4316868080471228,0.2783200074336491,3.2399999275803566,0
18:09:20.376456,106,-0.5156600181446289,0.8800905607141726,1.8201697761987827,0.2088800055789761,3.63999991863966,-1
18:09:20.376456,106,-0.4567506349214338,0.8773360216784755,1.7649932900523304,0.2088800055789761,3.1199999302625656,-1
18:09:20.376456,106,0.1076271844441919,0.1755444009947847,-0.1470018997446188,-1.600480042747222,4.519999898970127,-1
18:09:20.376456,106,4.6613157001696015,5.2086540948098445,-0.6307901438086944,2.7137600724818185,3.2399999275803566,-1
18:09:20.437676,107,-0.1965106953121952,0.1591696010107005,0.0075888617421095,3.6878800984995914,3.759999915957451,-1
18:09:20.437676,107,-1.452358736251821,6.814028871141364,-1.267797956401359,0.974120026017772,3.359999924898148,-1
18:09:20.437676,107,-1.1708088065767652,3.418171775936277,-6.01673883347018,-2.0874000557523686,3.1199999302625656,-1
18:09:20.437676,107,-0.712911921155363,6.454856396041457,-2.978333527002273,3.131240083632292,3.1199999302625656,-1
18:09:20.437676,107,0.0021299740381354,0.2129903086137738,-0.1365269121006372,0.0697200018621515,3.879999913275242,-1
18:09:20.437676,107,0.1260848065001677,0.1766118777308827,0.1300764094473545,1.1132800297345966,4.239999905228615,-1
